   0.0000000e+00   0.0000000e+00   1.0000000e+00
   3.1250000e-02   0.0000000e+00   1.0052741e+00
   6.2500000e-02   0.0000000e+00   1.0202189e+00
   9.3750000e-02   0.0000000e+00   1.0394630e+00
   1.2500000e-01   0.0000000e+00   1.0592655e+00
   1.5625000e-01   0.0000000e+00   1.0798070e+00
   1.8750000e-01   0.0000000e+00   1.1006986e+00
   2.1875000e-01   0.0000000e+00   1.1220385e+00
   2.5000000e-01   0.0000000e+00   1.1437793e+00
   2.8125000e-01   0.0000000e+00   1.1659480e+00
   3.1250000e-01   0.0000000e+00   1.1885439e+00
   3.4375000e-01   0.0000000e+00   1.2115788e+00
   3.7500000e-01   0.0000000e+00   1.2350597e+00
   4.0625000e-01   0.0000000e+00   1.2589959e+00
   4.3750000e-01   0.0000000e+00   1.2833958e+00
   4.6875000e-01   0.0000000e+00   1.3082687e+00
   5.0000000e-01   0.0000000e+00   1.3336236e+00
   5.3125000e-01   0.0000000e+00   1.3594700e+00
   5.6250000e-01   0.0000000e+00   1.3858172e+00
   5.9375000e-01   0.0000000e+00   1.4126751e+00
   6.2500000e-01   0.0000000e+00   1.4400534e+00
   6.5625000e-01   0.0000000e+00   1.4679624e+00
   6.8750000e-01   0.0000000e+00   1.4964123e+00
   7.1875000e-01   0.0000000e+00   1.5254136e+00
   7.5000000e-01   0.0000000e+00   1.5549769e+00
   7.8125000e-01   0.0000000e+00   1.5851131e+00
   8.1250000e-01   0.0000000e+00   1.6158335e+00
   8.4375000e-01   0.0000000e+00   1.6471492e+00
   8.7500000e-01   0.0000000e+00   1.6790718e+00
   9.0625000e-01   0.0000000e+00   1.7116130e+00
   9.3750000e-01   0.0000000e+00   1.7447850e+00
   9.6875000e-01   0.0000000e+00   1.7785998e+00
   1.0000000e+00   0.0000000e+00   1.8130700e+00
   0.0000000e+00   3.1250000e-02   1.0000000e+00
   3.1250000e-02   3.1250000e-02   9.7890968e-01
   6.2500000e-02   3.1250000e-02   9.8732849e-01
   9.3750000e-02   3.1250000e-02   1.0044911e+00
   1.2500000e-01   3.1250000e-02   1.0232988e+00
   1.5625000e-01   3.1250000e-02   1.0430622e+00
   1.8750000e-01   3.1250000e-02   1.0632256e+00
   2.1875000e-01   3.1250000e-02   1.0838346e+00
   2.5000000e-01   3.1250000e-02   1.1048341e+00
   2.8125000e-01   3.1250000e-02   1.1262478e+00
   3.1250000e-01   3.1250000e-02   1.1480742e+00
   3.4375000e-01   3.1250000e-02   1.1703248e+00
   3.7500000e-01   3.1250000e-02   1.1930062e+00
   4.0625000e-01   3.1250000e-02   1.2161273e+00
   4.3750000e-01   3.1250000e-02   1.2396965e+00
   4.6875000e-01   3.1250000e-02   1.2637225e+00
   5.0000000e-01   3.1250000e-02   1.2882140e+00
   5.3125000e-01   3.1250000e-02   1.3131803e+00
   5.6250000e-01   3.1250000e-02   1.3386304e+00
   5.9375000e-01   3.1250000e-02   1.3645738e+00
   6.2500000e-01   3.1250000e-02   1.3910199e+00
   6.5625000e-01   3.1250000e-02   1.4179786e+00
   6.8750000e-01   3.1250000e-02   1.4454598e+00
   7.1875000e-01   3.1250000e-02   1.4734736e+00
   7.5000000e-01   3.1250000e-02   1.5020303e+00
   7.8125000e-01   3.1250000e-02   1.5311404e+00
   8.1250000e-01   3.1250000e-02   1.5608147e+00
   8.4375000e-01   3.1250000e-02   1.5910641e+00
   8.7500000e-01   3.1250000e-02   1.6218997e+00
   9.0625000e-01   3.1250000e-02   1.6533330e+00
   9.3750000e-01   3.1250000e-02   1.6853755e+00
   9.6875000e-01   3.1250000e-02   1.7180389e+00
   1.0000000e+00   3.1250000e-02   1.7513354e+00
   0.0000000e+00   6.2500000e-02   1.0000000e+00
   3.1250000e-02   6.2500000e-02   9.5386627e-01
   6.2500000e-02   6.2500000e-02   9.5626549e-01
   9.3750000e-02   6.2500000e-02   9.7142081e-01
   1.2500000e-01   6.2500000e-02   9.8931021e-01
   1.5625000e-01   6.2500000e-02   1.0083302e+00
   1.8750000e-01   6.2500000e-02   1.0278090e+00
   2.1875000e-01   6.2500000e-02   1.0477257e+00
   2.5000000e-01   6.2500000e-02   1.0680252e+00
   2.8125000e-01   6.2500000e-02   1.0887251e+00
   3.1250000e-01   6.2500000e-02   1.1098243e+00
   3.4375000e-01   6.2500000e-02   1.1313336e+00
   3.7500000e-01   6.2500000e-02   1.1532593e+00
   4.0625000e-01   6.2500000e-02   1.1756101e+00
   4.3750000e-01   6.2500000e-02   1.1983940e+00
   4.6875000e-01   6.2500000e-02   1.2216196e+00
   5.0000000e-01   6.2500000e-02   1.2452952e+00
   5.3125000e-01   6.2500000e-02   1.2694296e+00
   5.6250000e-01   6.2500000e-02   1.2940318e+00
   5.9375000e-01   6.2500000e-02   1.3191109e+00
   6.2500000e-01   6.2500000e-02   1.3446759e+00
   6.5625000e-01   6.2500000e-02   1.3707364e+00
   6.8750000e-01   6.2500000e-02   1.3973020e+00
   7.1875000e-01   6.2500000e-02   1.4243825e+00
   7.5000000e-01   6.2500000e-02   1.4519877e+00
   7.8125000e-01   6.2500000e-02   1.4801280e+00
   8.1250000e-01   6.2500000e-02   1.5088137e+00
   8.4375000e-01   6.2500000e-02   1.5380553e+00
   8.7500000e-01   6.2500000e-02   1.5678636e+00
   9.0625000e-01   6.2500000e-02   1.5982496e+00
   9.3750000e-01   6.2500000e-02   1.6292245e+00
   9.6875000e-01   6.2500000e-02   1.6607997e+00
   1.0000000e+00   6.2500000e-02   1.6929869e+00
   0.0000000e+00   9.3750000e-02   1.0000000e+00
   3.1250000e-02   9.3750000e-02   9.3105082e-01
   6.2500000e-02   9.3750000e-02   9.2812138e-01
   9.3750000e-02   9.3750000e-02   9.4142162e-01
   1.2500000e-01   9.3750000e-02   9.5849788e-01
   1.5625000e-01   9.3750000e-02   9.7683648e-01
   1.8750000e-01   9.3750000e-02   9.9569803e-01
   2.1875000e-01   9.3750000e-02   1.0149855e+00
   2.5000000e-01   9.3750000e-02   1.0346512e+00
   2.8125000e-01   9.3750000e-02   1.0547035e+00
   3.1250000e-01   9.3750000e-02   1.0751435e+00
   3.4375000e-01   9.3750000e-02   1.0959806e+00
   3.7500000e-01   9.3750000e-02   1.1172211e+00
   4.0625000e-01   9.3750000e-02   1.1388735e+00
   4.3750000e-01   9.3750000e-02   1.1609454e+00
   4.6875000e-01   9.3750000e-02   1.1834452e+00
   5.0000000e-01   9.3750000e-02   1.2063809e+00
   5.3125000e-01   9.3750000e-02   1.2297612e+00
   5.6250000e-01   9.3750000e-02   1.2535946e+00
   5.9375000e-01   9.3750000e-02   1.2778900e+00
   6.2500000e-01   9.3750000e-02   1.3026561e+00
   6.5625000e-01   9.3750000e-02   1.3279023e+00
   6.8750000e-01   9.3750000e-02   1.3536377e+00
   7.1875000e-01   9.3750000e-02   1.3798719e+00
   7.5000000e-01   9.3750000e-02   1.4066146e+00
   7.8125000e-01   9.3750000e-02   1.4338755e+00
   8.1250000e-01   9.3750000e-02   1.4616647e+00
   8.4375000e-01   9.3750000e-02   1.4899926e+00
   8.7500000e-01   9.3750000e-02   1.5188694e+00
   9.0625000e-01   9.3750000e-02   1.5483059e+00
   9.3750000e-01   9.3750000e-02   1.5783129e+00
   9.6875000e-01   9.3750000e-02   1.6089014e+00
   1.0000000e+00   9.3750000e-02   1.6400827e+00
   0.0000000e+00   1.2500000e-01   1.0000000e+00
   3.1250000e-02   1.2500000e-01   9.1125987e-01
   6.2500000e-02   1.2500000e-01   9.0383052e-01
   9.3750000e-02   1.2500000e-01   9.1550068e-01
   1.2500000e-01   1.2500000e-01   9.3189017e-01
   1.5625000e-01   1.2500000e-01   9.4963445e-01
   1.8750000e-01   1.2500000e-01   9.6796565e-01
   2.1875000e-01   1.2500000e-01   9.8670848e-01
   2.5000000e-01   1.2500000e-01   1.0058272e+00
   2.8125000e-01   1.2500000e-01   1.0253200e+00
   3.1250000e-01   1.2500000e-01   1.0451908e+00
   3.4375000e-01   1.2500000e-01   1.0654472e+00
   3.7500000e-01   1.2500000e-01   1.0860961e+00
   4.0625000e-01   1.2500000e-01   1.1071452e+00
   4.3750000e-01   1.2500000e-01   1.1286022e+00
   4.6875000e-01   1.2500000e-01   1.1504752e+00
   5.0000000e-01   1.2500000e-01   1.1727720e+00
   5.3125000e-01   1.2500000e-01   1.1955009e+00
   5.6250000e-01   1.2500000e-01   1.2186703e+00
   5.9375000e-01   1.2500000e-01   1.2422888e+00
   6.2500000e-01   1.2500000e-01   1.2663650e+00
   6.5625000e-01   1.2500000e-01   1.2909078e+00
   6.8750000e-01   1.2500000e-01   1.3159263e+00
   7.1875000e-01   1.2500000e-01   1.3414296e+00
   7.5000000e-01   1.2500000e-01   1.3674272e+00
   7.8125000e-01   1.2500000e-01   1.3939287e+00
   8.1250000e-01   1.2500000e-01   1.4209437e+00
   8.4375000e-01   1.2500000e-01   1.4484824e+00
   8.7500000e-01   1.2500000e-01   1.4765547e+00
   9.0625000e-01   1.2500000e-01   1.5051711e+00
   9.3750000e-01   1.2500000e-01   1.5343421e+00
   9.6875000e-01   1.2500000e-01   1.5640785e+00
   1.0000000e+00   1.2500000e-01   1.5943911e+00
   0.0000000e+00   1.5625000e-01   1.0000000e+00
   3.1250000e-02   1.5625000e-01   8.9516120e-01
   6.2500000e-02   1.5625000e-01   8.8415673e-01
   9.3750000e-02   1.5625000e-01   8.9448622e-01
   1.2500000e-01   1.5625000e-01   9.1033012e-01
   1.5625000e-01   1.5625000e-01   9.2758857e-01
   1.8750000e-01   1.5625000e-01   9.4549200e-01
   2.1875000e-01   1.5625000e-01   9.6379256e-01
   2.5000000e-01   1.5625000e-01   9.8246852e-01
   2.8125000e-01   1.5625000e-01   1.0015075e+00
   3.1250000e-01   1.5625000e-01   1.0209173e+00
   3.4375000e-01   1.5625000e-01   1.0407031e+00
   3.7500000e-01   1.5625000e-01   1.0608724e+00
   4.0625000e-01   1.5625000e-01   1.0814327e+00
   4.3750000e-01   1.5625000e-01   1.1023914e+00
   4.6875000e-01   1.5625000e-01   1.1237564e+00
   5.0000000e-01   1.5625000e-01   1.1455353e+00
   5.3125000e-01   1.5625000e-01   1.1677364e+00
   5.6250000e-01   1.5625000e-01   1.1903677e+00
   5.9375000e-01   1.5625000e-01   1.2134377e+00
   6.2500000e-01   1.5625000e-01   1.2369548e+00
   6.5625000e-01   1.5625000e-01   1.2609276e+00
   6.8750000e-01   1.5625000e-01   1.2853650e+00
   7.1875000e-01   1.5625000e-01   1.3102761e+00
   7.5000000e-01   1.5625000e-01   1.3356699e+00
   7.8125000e-01   1.5625000e-01   1.3615559e+00
   8.1250000e-01   1.5625000e-01   1.3879435e+00
   8.4375000e-01   1.5625000e-01   1.4148426e+00
   8.7500000e-01   1.5625000e-01   1.4422630e+00
   9.0625000e-01   1.5625000e-01   1.4702148e+00
   9.3750000e-01   1.5625000e-01   1.4987083e+00
   9.6875000e-01   1.5625000e-01   1.5277541e+00
   1.0000000e+00   1.5625000e-01   1.5573628e+00
   0.0000000e+00   1.8750000e-01   1.0000000e+00
   3.1250000e-02   1.8750000e-01   8.8328196e-01
   6.2500000e-02   1.8750000e-01   8.6968914e-01
   9.3750000e-02   1.8750000e-01   8.7902074e-01
   1.2500000e-01   1.8750000e-01   8.9446968e-01
   1.5625000e-01   1.8750000e-01   9.1136823e-01
   1.8750000e-01   1.8750000e-01   9.2895813e-01
   2.1875000e-01   1.8750000e-01   9.4693276e-01
   2.5000000e-01   1.8750000e-01   9.6528324e-01
   2.8125000e-01   1.8750000e-01   9.8398832e-01
   3.1250000e-01   1.8750000e-01   1.0030589e+00
   3.4375000e-01   1.8750000e-01   1.0224984e+00
   3.7500000e-01   1.8750000e-01   1.0423150e+00
   4.0625000e-01   1.8750000e-01   1.0625156e+00
   4.3750000e-01   1.8750000e-01   1.0831077e+00
   4.6875000e-01   1.8750000e-01   1.1040989e+00
   5.0000000e-01   1.8750000e-01   1.1254969e+00
   5.3125000e-01   1.8750000e-01   1.1473096e+00
   5.6250000e-01   1.8750000e-01   1.1695451e+00
   5.9375000e-01   1.8750000e-01   1.1922115e+00
   6.2500000e-01   1.8750000e-01   1.2153172e+00
   6.5625000e-01   1.8750000e-01   1.2388706e+00
   6.8750000e-01   1.8750000e-01   1.2628806e+00
   7.1875000e-01   1.8750000e-01   1.2873559e+00
   7.5000000e-01   1.8750000e-01   1.3123055e+00
   7.8125000e-01   1.8750000e-01   1.3377387e+00
   8.1250000e-01   1.8750000e-01   1.3636648e+00
   8.4375000e-01   1.8750000e-01   1.3900933e+00
   8.7500000e-01   1.8750000e-01   1.4170340e+00
   9.0625000e-01   1.8750000e-01   1.4444969e+00
   9.3750000e-01   1.8750000e-01   1.4724920e+00
   9.6875000e-01   1.8750000e-01   1.5010296e+00
   1.0000000e+00   1.8750000e-01   1.5301204e+00
   0.0000000e+00   2.1875000e-01   1.0000000e+00
   3.1250000e-02   2.1875000e-01   8.7600186e-01
   6.2500000e-02   2.1875000e-01   8.6084389e-01
   9.3750000e-02   2.1875000e-01   8.6956026e-01
   1.2500000e-01   2.1875000e-01   8.8477043e-01
   1.5625000e-01   2.1875000e-01   9.0144778e-01
   1.8750000e-01   2.1875000e-01   9.1884647e-01
   2.1875000e-01   2.1875000e-01   9.3662153e-01
   2.5000000e-01   2.1875000e-01   9.5477306e-01
   2.8125000e-01   2.1875000e-01   9.7327385e-01
   3.1250000e-01   2.1875000e-01   9.9213704e-01
   3.4375000e-01   2.1875000e-01   1.0113647e+00
   3.7500000e-01   2.1875000e-01   1.0309657e+00
   4.0625000e-01   2.1875000e-01   1.0509462e+00
   4.3750000e-01   2.1875000e-01   1.0713141e+00
   4.6875000e-01   2.1875000e-01   1.0920767e+00
   5.0000000e-01   2.1875000e-01   1.1132418e+00
   5.3125000e-01   2.1875000e-01   1.1348170e+00
   5.6250000e-01   2.1875000e-01   1.1568103e+00
   5.9375000e-01   2.1875000e-01   1.1792299e+00
   6.2500000e-01   2.1875000e-01   1.2020840e+00
   6.5625000e-01   2.1875000e-01   1.2253810e+00
   6.8750000e-01   2.1875000e-01   1.2491295e+00
   7.1875000e-01   2.1875000e-01   1.2733383e+00
   7.5000000e-01   2.1875000e-01   1.2980163e+00
   7.8125000e-01   2.1875000e-01   1.3231725e+00
   8.1250000e-01   2.1875000e-01   1.3488163e+00
   8.4375000e-01   2.1875000e-01   1.3749570e+00
   8.7500000e-01   2.1875000e-01   1.4016044e+00
   9.0625000e-01   2.1875000e-01   1.4287682e+00
   9.3750000e-01   2.1875000e-01   1.4564585e+00
   9.6875000e-01   2.1875000e-01   1.4846854e+00
   1.0000000e+00   2.1875000e-01   1.5134594e+00
   0.0000000e+00   2.5000000e-01   1.0000000e+00
   3.1250000e-02   2.5000000e-01   8.7354970e-01
   6.2500000e-02   2.5000000e-01   8.5786817e-01
   9.3750000e-02   2.5000000e-01   8.6637668e-01
   1.2500000e-01   2.5000000e-01   8.8150698e-01
   1.5625000e-01   2.5000000e-01   8.9810972e-01
   1.8750000e-01   2.5000000e-01   9.1544415e-01
   2.1875000e-01   2.5000000e-01   9.3315202e-01
   2.5000000e-01   2.5000000e-01   9.5123663e-01
   2.8125000e-01   2.5000000e-01   9.6966867e-01
   3.1250000e-01   2.5000000e-01   9.8846209e-01
   3.4375000e-01   2.5000000e-01   1.0076184e+00
   3.7500000e-01   2.5000000e-01   1.0271469e+00
   4.0625000e-01   2.5000000e-01   1.0470534e+00
   4.3750000e-01   2.5000000e-01   1.0673459e+00
   4.6875000e-01   2.5000000e-01   1.0880315e+00
   5.0000000e-01   2.5000000e-01   1.1091182e+00
   5.3125000e-01   2.5000000e-01   1.1306135e+00
   5.6250000e-01   2.5000000e-01   1.1525254e+00
   5.9375000e-01   2.5000000e-01   1.1748619e+00
   6.2500000e-01   2.5000000e-01   1.1976313e+00
   6.5625000e-01   2.5000000e-01   1.2208420e+00
   6.8750000e-01   2.5000000e-01   1.2445026e+00
   7.1875000e-01   2.5000000e-01   1.2686217e+00
   7.5000000e-01   2.5000000e-01   1.2932083e+00
   7.8125000e-01   2.5000000e-01   1.3182713e+00
   8.1250000e-01   2.5000000e-01   1.3438201e+00
   8.4375000e-01   2.5000000e-01   1.3698640e+00
   8.7500000e-01   2.5000000e-01   1.3964127e+00
   9.0625000e-01   2.5000000e-01   1.4234759e+00
   9.3750000e-01   2.5000000e-01   1.4510636e+00
   9.6875000e-01   2.5000000e-01   1.4791860e+00
   1.0000000e+00   2.5000000e-01   1.5078534e+00
   0.0000000e+00   2.8125000e-01   1.0000000e+00
   3.1250000e-02   2.8125000e-01   8.7600186e-01
   6.2500000e-02   2.8125000e-01   8.6084389e-01
   9.3750000e-02   2.8125000e-01   8.6956026e-01
   1.2500000e-01   2.8125000e-01   8.8477043e-01
   1.5625000e-01   2.8125000e-01   9.0144778e-01
   1.8750000e-01   2.8125000e-01   9.1884647e-01
   2.1875000e-01   2.8125000e-01   9.3662153e-01
   2.5000000e-01   2.8125000e-01   9.5477306e-01
   2.8125000e-01   2.8125000e-01   9.7327385e-01
   3.1250000e-01   2.8125000e-01   9.9213704e-01
   3.4375000e-01   2.8125000e-01   1.0113647e+00
   3.7500000e-01   2.8125000e-01   1.0309657e+00
   4.0625000e-01   2.8125000e-01   1.0509462e+00
   4.3750000e-01   2.8125000e-01   1.0713141e+00
   4.6875000e-01   2.8125000e-01   1.0920767e+00
   5.0000000e-01   2.8125000e-01   1.1132418e+00
   5.3125000e-01   2.8125000e-01   1.1348170e+00
   5.6250000e-01   2.8125000e-01   1.1568103e+00
   5.9375000e-01   2.8125000e-01   1.1792299e+00
   6.2500000e-01   2.8125000e-01   1.2020840e+00
   6.5625000e-01   2.8125000e-01   1.2253810e+00
   6.8750000e-01   2.8125000e-01   1.2491295e+00
   7.1875000e-01   2.8125000e-01   1.2733383e+00
   7.5000000e-01   2.8125000e-01   1.2980163e+00
   7.8125000e-01   2.8125000e-01   1.3231725e+00
   8.1250000e-01   2.8125000e-01   1.3488163e+00
   8.4375000e-01   2.8125000e-01   1.3749570e+00
   8.7500000e-01   2.8125000e-01   1.4016044e+00
   9.0625000e-01   2.8125000e-01   1.4287682e+00
   9.3750000e-01   2.8125000e-01   1.4564585e+00
   9.6875000e-01   2.8125000e-01   1.4846854e+00
   1.0000000e+00   2.8125000e-01   1.5134594e+00
   0.0000000e+00   3.1250000e-01   1.0000000e+00
   3.1250000e-02   3.1250000e-01   8.8328196e-01
   6.2500000e-02   3.1250000e-01   8.6968914e-01
   9.3750000e-02   3.1250000e-01   8.7902074e-01
   1.2500000e-01   3.1250000e-01   8.9446968e-01
   1.5625000e-01   3.1250000e-01   9.1136823e-01
   1.8750000e-01   3.1250000e-01   9.2895813e-01
   2.1875000e-01   3.1250000e-01   9.4693276e-01
   2.5000000e-01   3.1250000e-01   9.6528324e-01
   2.8125000e-01   3.1250000e-01   9.8398832e-01
   3.1250000e-01   3.1250000e-01   1.0030589e+00
   3.4375000e-01   3.1250000e-01   1.0224984e+00
   3.7500000e-01   3.1250000e-01   1.0423150e+00
   4.0625000e-01   3.1250000e-01   1.0625156e+00
   4.3750000e-01   3.1250000e-01   1.0831077e+00
   4.6875000e-01   3.1250000e-01   1.1040989e+00
   5.0000000e-01   3.1250000e-01   1.1254969e+00
   5.3125000e-01   3.1250000e-01   1.1473096e+00
   5.6250000e-01   3.1250000e-01   1.1695451e+00
   5.9375000e-01   3.1250000e-01   1.1922115e+00
   6.2500000e-01   3.1250000e-01   1.2153172e+00
   6.5625000e-01   3.1250000e-01   1.2388706e+00
   6.8750000e-01   3.1250000e-01   1.2628806e+00
   7.1875000e-01   3.1250000e-01   1.2873559e+00
   7.5000000e-01   3.1250000e-01   1.3123055e+00
   7.8125000e-01   3.1250000e-01   1.3377387e+00
   8.1250000e-01   3.1250000e-01   1.3636648e+00
   8.4375000e-01   3.1250000e-01   1.3900933e+00
   8.7500000e-01   3.1250000e-01   1.4170340e+00
   9.0625000e-01   3.1250000e-01   1.4444969e+00
   9.3750000e-01   3.1250000e-01   1.4724920e+00
   9.6875000e-01   3.1250000e-01   1.5010296e+00
   1.0000000e+00   3.1250000e-01   1.5301204e+00
   0.0000000e+00   3.4375000e-01   1.0000000e+00
   3.1250000e-02   3.4375000e-01   8.9516120e-01
   6.2500000e-02   3.4375000e-01   8.8415673e-01
   9.3750000e-02   3.4375000e-01   8.9448622e-01
   1.2500000e-01   3.4375000e-01   9.1033012e-01
   1.5625000e-01   3.4375000e-01   9.2758857e-01
   1.8750000e-01   3.4375000e-01   9.4549200e-01
   2.1875000e-01   3.4375000e-01   9.6379256e-01
   2.5000000e-01   3.4375000e-01   9.8246852e-01
   2.8125000e-01   3.4375000e-01   1.0015075e+00
   3.1250000e-01   3.4375000e-01   1.0209173e+00
   3.4375000e-01   3.4375000e-01   1.0407031e+00
   3.7500000e-01   3.4375000e-01   1.0608724e+00
   4.0625000e-01   3.4375000e-01   1.0814327e+00
   4.3750000e-01   3.4375000e-01   1.1023914e+00
   4.6875000e-01   3.4375000e-01   1.1237564e+00
   5.0000000e-01   3.4375000e-01   1.1455353e+00
   5.3125000e-01   3.4375000e-01   1.1677364e+00
   5.6250000e-01   3.4375000e-01   1.1903677e+00
   5.9375000e-01   3.4375000e-01   1.2134377e+00
   6.2500000e-01   3.4375000e-01   1.2369548e+00
   6.5625000e-01   3.4375000e-01   1.2609276e+00
   6.8750000e-01   3.4375000e-01   1.2853650e+00
   7.1875000e-01   3.4375000e-01   1.3102761e+00
   7.5000000e-01   3.4375000e-01   1.3356699e+00
   7.8125000e-01   3.4375000e-01   1.3615559e+00
   8.1250000e-01   3.4375000e-01   1.3879435e+00
   8.4375000e-01   3.4375000e-01   1.4148426e+00
   8.7500000e-01   3.4375000e-01   1.4422630e+00
   9.0625000e-01   3.4375000e-01   1.4702148e+00
   9.3750000e-01   3.4375000e-01   1.4987083e+00
   9.6875000e-01   3.4375000e-01   1.5277541e+00
   1.0000000e+00   3.4375000e-01   1.5573628e+00
   0.0000000e+00   3.7500000e-01   1.0000000e+00
   3.1250000e-02   3.7500000e-01   9.1125987e-01
   6.2500000e-02   3.7500000e-01   9.0383052e-01
   9.3750000e-02   3.7500000e-01   9.1550068e-01
   1.2500000e-01   3.7500000e-01   9.3189017e-01
   1.5625000e-01   3.7500000e-01   9.4963445e-01
   1.8750000e-01   3.7500000e-01   9.6796565e-01
   2.1875000e-01   3.7500000e-01   9.8670848e-01
   2.5000000e-01   3.7500000e-01   1.0058272e+00
   2.8125000e-01   3.7500000e-01   1.0253200e+00
   3.1250000e-01   3.7500000e-01   1.0451908e+00
   3.4375000e-01   3.7500000e-01   1.0654472e+00
   3.7500000e-01   3.7500000e-01   1.0860961e+00
   4.0625000e-01   3.7500000e-01   1.1071452e+00
   4.3750000e-01   3.7500000e-01   1.1286022e+00
   4.6875000e-01   3.7500000e-01   1.1504752e+00
   5.0000000e-01   3.7500000e-01   1.1727720e+00
   5.3125000e-01   3.7500000e-01   1.1955009e+00
   5.6250000e-01   3.7500000e-01   1.2186703e+00
   5.9375000e-01   3.7500000e-01   1.2422888e+00
   6.2500000e-01   3.7500000e-01   1.2663650e+00
   6.5625000e-01   3.7500000e-01   1.2909078e+00
   6.8750000e-01   3.7500000e-01   1.3159263e+00
   7.1875000e-01   3.7500000e-01   1.3414296e+00
   7.5000000e-01   3.7500000e-01   1.3674272e+00
   7.8125000e-01   3.7500000e-01   1.3939287e+00
   8.1250000e-01   3.7500000e-01   1.4209437e+00
   8.4375000e-01   3.7500000e-01   1.4484824e+00
   8.7500000e-01   3.7500000e-01   1.4765547e+00
   9.0625000e-01   3.7500000e-01   1.5051711e+00
   9.3750000e-01   3.7500000e-01   1.5343421e+00
   9.6875000e-01   3.7500000e-01   1.5640785e+00
   1.0000000e+00   3.7500000e-01   1.5943911e+00
   0.0000000e+00   4.0625000e-01   1.0000000e+00
   3.1250000e-02   4.0625000e-01   9.3105082e-01
   6.2500000e-02   4.0625000e-01   9.2812138e-01
   9.3750000e-02   4.0625000e-01   9.4142162e-01
   1.2500000e-01   4.0625000e-01   9.5849788e-01
   1.5625000e-01   4.0625000e-01   9.7683648e-01
   1.8750000e-01   4.0625000e-01   9.9569803e-01
   2.1875000e-01   4.0625000e-01   1.0149855e+00
   2.5000000e-01   4.0625000e-01   1.0346512e+00
   2.8125000e-01   4.0625000e-01   1.0547035e+00
   3.1250000e-01   4.0625000e-01   1.0751435e+00
   3.4375000e-01   4.0625000e-01   1.0959806e+00
   3.7500000e-01   4.0625000e-01   1.1172211e+00
   4.0625000e-01   4.0625000e-01   1.1388735e+00
   4.3750000e-01   4.0625000e-01   1.1609454e+00
   4.6875000e-01   4.0625000e-01   1.1834452e+00
   5.0000000e-01   4.0625000e-01   1.2063809e+00
   5.3125000e-01   4.0625000e-01   1.2297612e+00
   5.6250000e-01   4.0625000e-01   1.2535946e+00
   5.9375000e-01   4.0625000e-01   1.2778900e+00
   6.2500000e-01   4.0625000e-01   1.3026561e+00
   6.5625000e-01   4.0625000e-01   1.3279023e+00
   6.8750000e-01   4.0625000e-01   1.3536377e+00
   7.1875000e-01   4.0625000e-01   1.3798719e+00
   7.5000000e-01   4.0625000e-01   1.4066146e+00
   7.8125000e-01   4.0625000e-01   1.4338755e+00
   8.1250000e-01   4.0625000e-01   1.4616647e+00
   8.4375000e-01   4.0625000e-01   1.4899926e+00
   8.7500000e-01   4.0625000e-01   1.5188694e+00
   9.0625000e-01   4.0625000e-01   1.5483059e+00
   9.3750000e-01   4.0625000e-01   1.5783129e+00
   9.6875000e-01   4.0625000e-01   1.6089014e+00
   1.0000000e+00   4.0625000e-01   1.6400827e+00
   0.0000000e+00   4.3750000e-01   1.0000000e+00
   3.1250000e-02   4.3750000e-01   9.5386627e-01
   6.2500000e-02   4.3750000e-01   9.5626549e-01
   9.3750000e-02   4.3750000e-01   9.7142081e-01
   1.2500000e-01   4.3750000e-01   9.8931021e-01
   1.5625000e-01   4.3750000e-01   1.0083302e+00
   1.8750000e-01   4.3750000e-01   1.0278090e+00
   2.1875000e-01   4.3750000e-01   1.0477257e+00
   2.5000000e-01   4.3750000e-01   1.0680252e+00
   2.8125000e-01   4.3750000e-01   1.0887251e+00
   3.1250000e-01   4.3750000e-01   1.1098243e+00
   3.4375000e-01   4.3750000e-01   1.1313336e+00
   3.7500000e-01   4.3750000e-01   1.1532593e+00
   4.0625000e-01   4.3750000e-01   1.1756101e+00
   4.3750000e-01   4.3750000e-01   1.1983940e+00
   4.6875000e-01   4.3750000e-01   1.2216196e+00
   5.0000000e-01   4.3750000e-01   1.2452952e+00
   5.3125000e-01   4.3750000e-01   1.2694296e+00
   5.6250000e-01   4.3750000e-01   1.2940318e+00
   5.9375000e-01   4.3750000e-01   1.3191109e+00
   6.2500000e-01   4.3750000e-01   1.3446759e+00
   6.5625000e-01   4.3750000e-01   1.3707364e+00
   6.8750000e-01   4.3750000e-01   1.3973020e+00
   7.1875000e-01   4.3750000e-01   1.4243825e+00
   7.5000000e-01   4.3750000e-01   1.4519877e+00
   7.8125000e-01   4.3750000e-01   1.4801280e+00
   8.1250000e-01   4.3750000e-01   1.5088137e+00
   8.4375000e-01   4.3750000e-01   1.5380553e+00
   8.7500000e-01   4.3750000e-01   1.5678636e+00
   9.0625000e-01   4.3750000e-01   1.5982496e+00
   9.3750000e-01   4.3750000e-01   1.6292245e+00
   9.6875000e-01   4.3750000e-01   1.6607997e+00
   1.0000000e+00   4.3750000e-01   1.6929869e+00
   0.0000000e+00   4.6875000e-01   1.0000000e+00
   3.1250000e-02   4.6875000e-01   9.7890968e-01
   6.2500000e-02   4.6875000e-01   9.8732849e-01
   9.3750000e-02   4.6875000e-01   1.0044911e+00
   1.2500000e-01   4.6875000e-01   1.0232988e+00
   1.5625000e-01   4.6875000e-01   1.0430622e+00
   1.8750000e-01   4.6875000e-01   1.0632256e+00
   2.1875000e-01   4.6875000e-01   1.0838346e+00
   2.5000000e-01   4.6875000e-01   1.1048341e+00
   2.8125000e-01   4.6875000e-01   1.1262478e+00
   3.1250000e-01   4.6875000e-01   1.1480742e+00
   3.4375000e-01   4.6875000e-01   1.1703248e+00
   3.7500000e-01   4.6875000e-01   1.1930062e+00
   4.0625000e-01   4.6875000e-01   1.2161273e+00
   4.3750000e-01   4.6875000e-01   1.2396965e+00
   4.6875000e-01   4.6875000e-01   1.2637225e+00
   5.0000000e-01   4.6875000e-01   1.2882140e+00
   5.3125000e-01   4.6875000e-01   1.3131803e+00
   5.6250000e-01   4.6875000e-01   1.3386304e+00
   5.9375000e-01   4.6875000e-01   1.3645738e+00
   6.2500000e-01   4.6875000e-01   1.3910199e+00
   6.5625000e-01   4.6875000e-01   1.4179786e+00
   6.8750000e-01   4.6875000e-01   1.4454598e+00
   7.1875000e-01   4.6875000e-01   1.4734736e+00
   7.5000000e-01   4.6875000e-01   1.5020303e+00
   7.8125000e-01   4.6875000e-01   1.5311404e+00
   8.1250000e-01   4.6875000e-01   1.5608147e+00
   8.4375000e-01   4.6875000e-01   1.5910641e+00
   8.7500000e-01   4.6875000e-01   1.6218997e+00
   9.0625000e-01   4.6875000e-01   1.6533330e+00
   9.3750000e-01   4.6875000e-01   1.6853755e+00
   9.6875000e-01   4.6875000e-01   1.7180389e+00
   1.0000000e+00   4.6875000e-01   1.7513354e+00
   0.0000000e+00   5.0000000e-01   1.0000000e+00
   3.1250000e-02   5.0000000e-01   1.0052741e+00
   6.2500000e-02   5.0000000e-01   1.0202189e+00
   9.3750000e-02   5.0000000e-01   1.0394630e+00
   1.2500000e-01   5.0000000e-01   1.0592655e+00
   1.5625000e-01   5.0000000e-01   1.0798070e+00
   1.8750000e-01   5.0000000e-01   1.1006986e+00
   2.1875000e-01   5.0000000e-01   1.1220385e+00
   2.5000000e-01   5.0000000e-01   1.1437793e+00
   2.8125000e-01   5.0000000e-01   1.1659480e+00
   3.1250000e-01   5.0000000e-01   1.1885439e+00
   3.4375000e-01   5.0000000e-01   1.2115788e+00
   3.7500000e-01   5.0000000e-01   1.2350597e+00
   4.0625000e-01   5.0000000e-01   1.2589959e+00
   4.3750000e-01   5.0000000e-01   1.2833958e+00
   4.6875000e-01   5.0000000e-01   1.3082687e+00
   5.0000000e-01   5.0000000e-01   1.3336236e+00
   5.3125000e-01   5.0000000e-01   1.3594700e+00
   5.6250000e-01   5.0000000e-01   1.3858172e+00
   5.9375000e-01   5.0000000e-01   1.4126751e+00
   6.2500000e-01   5.0000000e-01   1.4400534e+00
   6.5625000e-01   5.0000000e-01   1.4679624e+00
   6.8750000e-01   5.0000000e-01   1.4964123e+00
   7.1875000e-01   5.0000000e-01   1.5254136e+00
   7.5000000e-01   5.0000000e-01   1.5549769e+00
   7.8125000e-01   5.0000000e-01   1.5851131e+00
   8.1250000e-01   5.0000000e-01   1.6158335e+00
   8.4375000e-01   5.0000000e-01   1.6471492e+00
   8.7500000e-01   5.0000000e-01   1.6790718e+00
   9.0625000e-01   5.0000000e-01   1.7116130e+00
   9.3750000e-01   5.0000000e-01   1.7447850e+00
   9.6875000e-01   5.0000000e-01   1.7785998e+00
   1.0000000e+00   5.0000000e-01   1.8130700e+00
   0.0000000e+00   5.3125000e-01   1.0000000e+00
   3.1250000e-02   5.3125000e-01   1.0319681e+00
   6.2500000e-02   5.3125000e-01   1.0537138e+00
   9.3750000e-02   5.3125000e-01   1.0750333e+00
   1.2500000e-01   5.3125000e-01   1.0958716e+00
   1.5625000e-01   5.3125000e-01   1.1171963e+00
   1.8750000e-01   5.3125000e-01   1.1388328e+00
   2.1875000e-01   5.3125000e-01   1.1609150e+00
   2.5000000e-01   5.3125000e-01   1.1834107e+00
   2.8125000e-01   5.3125000e-01   1.2063474e+00
   3.1250000e-01   5.3125000e-01   1.2297265e+00
   3.4375000e-01   5.3125000e-01   1.2535595e+00
   3.7500000e-01   5.3125000e-01   1.2778541e+00
   4.0625000e-01   5.3125000e-01   1.3026195e+00
   4.3750000e-01   5.3125000e-01   1.3278650e+00
   4.6875000e-01   5.3125000e-01   1.3535997e+00
   5.0000000e-01   5.3125000e-01   1.3798332e+00
   5.3125000e-01   5.3125000e-01   1.4065751e+00
   5.6250000e-01   5.3125000e-01   1.4338352e+00
   5.9375000e-01   5.3125000e-01   1.4616237e+00
   6.2500000e-01   5.3125000e-01   1.4899507e+00
   6.5625000e-01   5.3125000e-01   1.5188268e+00
   6.8750000e-01   5.3125000e-01   1.5482624e+00
   7.1875000e-01   5.3125000e-01   1.5782685e+00
   7.5000000e-01   5.3125000e-01   1.6088562e+00
   7.8125000e-01   5.3125000e-01   1.6400367e+00
   8.1250000e-01   5.3125000e-01   1.6718215e+00
   8.4375000e-01   5.3125000e-01   1.7042222e+00
   8.7500000e-01   5.3125000e-01   1.7372509e+00
   9.0625000e-01   5.3125000e-01   1.7709198e+00
   9.3750000e-01   5.3125000e-01   1.8052411e+00
   9.6875000e-01   5.3125000e-01   1.8402276e+00
   1.0000000e+00   5.3125000e-01   1.8758922e+00
   0.0000000e+00   5.6250000e-01   1.0000000e+00
   3.1250000e-02   5.6250000e-01   1.0579502e+00
   6.2500000e-02   5.6250000e-01   1.0864981e+00
   9.3750000e-02   5.6250000e-01   1.1098076e+00
   1.2500000e-01   5.6250000e-01   1.1316808e+00
   1.5625000e-01   5.6250000e-01   1.1537638e+00
   1.8750000e-01   5.6250000e-01   1.1761324e+00
   2.1875000e-01   5.6250000e-01   1.1989392e+00
   2.5000000e-01   5.6250000e-01   1.2221739e+00
   2.8125000e-01   5.6250000e-01   1.2458616e+00
   3.1250000e-01   5.6250000e-01   1.2700068e+00
   3.4375000e-01   5.6250000e-01   1.2946203e+00
   3.7500000e-01   5.6250000e-01   1.3197107e+00
   4.0625000e-01   5.6250000e-01   1.3452874e+00
   4.3750000e-01   5.6250000e-01   1.3713598e+00
   4.6875000e-01   5.6250000e-01   1.3979374e+00
   5.0000000e-01   5.6250000e-01   1.4250302e+00
   5.3125000e-01   5.6250000e-01   1.4526480e+00
   5.6250000e-01   5.6250000e-01   1.4808011e+00
   5.9375000e-01   5.6250000e-01   1.5094998e+00
   6.2500000e-01   5.6250000e-01   1.5387547e+00
   6.5625000e-01   5.6250000e-01   1.5685766e+00
   6.8750000e-01   5.6250000e-01   1.5989764e+00
   7.1875000e-01   5.6250000e-01   1.6299654e+00
   7.5000000e-01   5.6250000e-01   1.6615550e+00
   7.8125000e-01   5.6250000e-01   1.6937568e+00
   8.1250000e-01   5.6250000e-01   1.7265827e+00
   8.4375000e-01   5.6250000e-01   1.7600447e+00
   8.7500000e-01   5.6250000e-01   1.7941553e+00
   9.0625000e-01   5.6250000e-01   1.8289270e+00
   9.3750000e-01   5.6250000e-01   1.8643726e+00
   9.6875000e-01   5.6250000e-01   1.9005051e+00
   1.0000000e+00   5.6250000e-01   1.9373379e+00
   0.0000000e+00   5.9375000e-01   1.0000000e+00
   3.1250000e-02   5.9375000e-01   1.0821706e+00
   6.2500000e-02   5.9375000e-01   1.1172185e+00
   9.3750000e-02   5.9375000e-01   1.1423571e+00
   1.2500000e-01   5.9375000e-01   1.1652182e+00
   1.5625000e-01   5.9375000e-01   1.1880047e+00
   1.8750000e-01   5.9375000e-01   1.2110617e+00
   2.1875000e-01   5.9375000e-01   1.2345460e+00
   2.5000000e-01   5.9375000e-01   1.2584731e+00
   2.8125000e-01   5.9375000e-01   1.2828639e+00
   3.1250000e-01   5.9375000e-01   1.3077265e+00
   3.4375000e-01   5.9375000e-01   1.3330710e+00
   3.7500000e-01   5.9375000e-01   1.3589066e+00
   4.0625000e-01   5.9375000e-01   1.3852429e+00
   4.3750000e-01   5.9375000e-01   1.4120897e+00
   4.6875000e-01   5.9375000e-01   1.4394567e+00
   5.0000000e-01   5.9375000e-01   1.4673541e+00
   5.3125000e-01   5.9375000e-01   1.4957922e+00
   5.6250000e-01   5.9375000e-01   1.5247814e+00
   5.9375000e-01   5.9375000e-01   1.5543325e+00
   6.2500000e-01   5.9375000e-01   1.5844563e+00
   6.5625000e-01   5.9375000e-01   1.6151639e+00
   6.8750000e-01   5.9375000e-01   1.6464666e+00
   7.1875000e-01   5.9375000e-01   1.6783760e+00
   7.5000000e-01   5.9375000e-01   1.7109038e+00
   7.8125000e-01   5.9375000e-01   1.7440620e+00
   8.1250000e-01   5.9375000e-01   1.7778628e+00
   8.4375000e-01   5.9375000e-01   1.8123187e+00
   8.7500000e-01   5.9375000e-01   1.8474424e+00
   9.0625000e-01   5.9375000e-01   1.8832468e+00
   9.3750000e-01   5.9375000e-01   1.9197451e+00
   9.6875000e-01   5.9375000e-01   1.9569508e+00
   1.0000000e+00   5.9375000e-01   1.9948775e+00
   0.0000000e+00   6.2500000e-01   1.0000000e+00
   3.1250000e-02   6.2500000e-01   1.1036190e+00
   6.2500000e-02   6.2500000e-01   1.1445485e+00
   9.3750000e-02   6.2500000e-01   1.1712866e+00
   1.2500000e-01   6.2500000e-01   1.1950406e+00
   1.5625000e-01   6.2500000e-01   1.2184475e+00
   1.8750000e-01   6.2500000e-01   1.2421187e+00
   2.1875000e-01   6.2500000e-01   1.2662047e+00
   2.5000000e-01   6.2500000e-01   1.2907477e+00
   2.8125000e-01   6.2500000e-01   1.3157636e+00
   3.1250000e-01   6.2500000e-01   1.3412641e+00
   3.4375000e-01   6.2500000e-01   1.3672585e+00
   3.7500000e-01   6.2500000e-01   1.3937567e+00
   4.0625000e-01   6.2500000e-01   1.4207684e+00
   4.3750000e-01   6.2500000e-01   1.4483037e+00
   4.6875000e-01   6.2500000e-01   1.4763725e+00
   5.0000000e-01   6.2500000e-01   1.5049854e+00
   5.3125000e-01   6.2500000e-01   1.5341528e+00
   5.6250000e-01   6.2500000e-01   1.5638855e+00
   5.9375000e-01   6.2500000e-01   1.5941944e+00
   6.2500000e-01   6.2500000e-01   1.6250907e+00
   6.5625000e-01   6.2500000e-01   1.6565858e+00
   6.8750000e-01   6.2500000e-01   1.6886913e+00
   7.1875000e-01   6.2500000e-01   1.7214191e+00
   7.5000000e-01   6.2500000e-01   1.7547811e+00
   7.8125000e-01   6.2500000e-01   1.7887896e+00
   8.1250000e-01   6.2500000e-01   1.8234573e+00
   8.4375000e-01   6.2500000e-01   1.8587969e+00
   8.7500000e-01   6.2500000e-01   1.8948213e+00
   9.0625000e-01   6.2500000e-01   1.9315439e+00
   9.3750000e-01   6.2500000e-01   1.9689783e+00
   9.6875000e-01   6.2500000e-01   2.0071381e+00
   1.0000000e+00   6.2500000e-01   2.0460375e+00
   0.0000000e+00   6.5625000e-01   1.0000000e+00
   3.1250000e-02   6.5625000e-01   1.1213751e+00
   6.2500000e-02   6.5625000e-01   1.1672618e+00
   9.3750000e-02   6.5625000e-01   1.1953100e+00
   1.2500000e-01   6.5625000e-01   1.2198156e+00
   1.5625000e-01   6.5625000e-01   1.2437345e+00
   1.8750000e-01   6.5625000e-01   1.2679174e+00
   2.1875000e-01   6.5625000e-01   1.2925027e+00
   2.5000000e-01   6.5625000e-01   1.3175574e+00
   2.8125000e-01   6.5625000e-01   1.3430925e+00
   3.1250000e-01   6.5625000e-01   1.3691229e+00
   3.4375000e-01   6.5625000e-01   1.3956571e+00
   3.7500000e-01   6.5625000e-01   1.4227058e+00
   4.0625000e-01   6.5625000e-01   1.4502785e+00
   4.3750000e-01   6.5625000e-01   1.4783857e+00
   4.6875000e-01   6.5625000e-01   1.5070376e+00
   5.0000000e-01   6.5625000e-01   1.5362447e+00
   5.3125000e-01   6.5625000e-01   1.5660180e+00
   5.6250000e-01   6.5625000e-01   1.5963682e+00
   5.9375000e-01   6.5625000e-01   1.6273067e+00
   6.2500000e-01   6.5625000e-01   1.6588447e+00
   6.5625000e-01   6.5625000e-01   1.6909940e+00
   6.8750000e-01   6.5625000e-01   1.7237663e+00
   7.1875000e-01   6.5625000e-01   1.7571738e+00
   7.5000000e-01   6.5625000e-01   1.7912288e+00
   7.8125000e-01   6.5625000e-01   1.8259437e+00
   8.1250000e-01   6.5625000e-01   1.8613315e+00
   8.4375000e-01   6.5625000e-01   1.8974050e+00
   8.7500000e-01   6.5625000e-01   1.9341777e+00
   9.0625000e-01   6.5625000e-01   1.9716631e+00
   9.3750000e-01   6.5625000e-01   2.0098750e+00
   9.6875000e-01   6.5625000e-01   2.0488274e+00
   1.0000000e+00   6.5625000e-01   2.0885347e+00
   0.0000000e+00   6.8750000e-01   1.0000000e+00
   3.1250000e-02   6.8750000e-01   1.1346596e+00
   6.2500000e-02   6.8750000e-01   1.1843063e+00
   9.3750000e-02   6.8750000e-01   1.2133265e+00
   1.2500000e-01   6.8750000e-01   1.2384017e+00
   1.5625000e-01   6.8750000e-01   1.2627028e+00
   1.8750000e-01   6.8750000e-01   1.2872703e+00
   2.1875000e-01   6.8750000e-01   1.3122298e+00
   2.5000000e-01   6.8750000e-01   1.3376686e+00
   2.8125000e-01   6.8750000e-01   1.3635932e+00
   3.1250000e-01   6.8750000e-01   1.3900210e+00
   3.4375000e-01   6.8750000e-01   1.4169602e+00
   3.7500000e-01   6.8750000e-01   1.4444217e+00
   4.0625000e-01   6.8750000e-01   1.4724153e+00
   4.3750000e-01   6.8750000e-01   1.5009515e+00
   4.6875000e-01   6.8750000e-01   1.5300407e+00
   5.0000000e-01   6.8750000e-01   1.5596937e+00
   5.3125000e-01   6.8750000e-01   1.5899214e+00
   5.6250000e-01   6.8750000e-01   1.6207349e+00
   5.9375000e-01   6.8750000e-01   1.6521456e+00
   6.2500000e-01   6.8750000e-01   1.6841650e+00
   6.5625000e-01   6.8750000e-01   1.7168050e+00
   6.8750000e-01   6.8750000e-01   1.7500776e+00
   7.1875000e-01   6.8750000e-01   1.7839950e+00
   7.5000000e-01   6.8750000e-01   1.8185698e+00
   7.8125000e-01   6.8750000e-01   1.8538146e+00
   8.1250000e-01   6.8750000e-01   1.8897425e+00
   8.4375000e-01   6.8750000e-01   1.9263667e+00
   8.7500000e-01   6.8750000e-01   1.9637007e+00
   9.0625000e-01   6.8750000e-01   2.0017583e+00
   9.3750000e-01   6.8750000e-01   2.0405534e+00
   9.6875000e-01   6.8750000e-01   2.0801004e+00
   1.0000000e+00   6.8750000e-01   2.1204138e+00
   0.0000000e+00   7.1875000e-01   1.0000000e+00
   3.1250000e-02   7.1875000e-01   1.1428787e+00
   6.2500000e-02   7.1875000e-01   1.1948735e+00
   9.3750000e-02   7.1875000e-01   1.2244916e+00
   1.2500000e-01   7.1875000e-01   1.2499223e+00
   1.5625000e-01   7.1875000e-01   1.2744595e+00
   1.8750000e-01   7.1875000e-01   1.2992657e+00
   2.1875000e-01   7.1875000e-01   1.3244571e+00
   2.5000000e-01   7.1875000e-01   1.3501339e+00
   2.8125000e-01   7.1875000e-01   1.3762999e+00
   3.1250000e-01   7.1875000e-01   1.4029740e+00
   3.4375000e-01   7.1875000e-01   1.4301643e+00
   3.7500000e-01   7.1875000e-01   1.4578817e+00
   4.0625000e-01   7.1875000e-01   1.4861362e+00
   4.3750000e-01   7.1875000e-01   1.5149383e+00
   4.6875000e-01   7.1875000e-01   1.5442986e+00
   5.0000000e-01   7.1875000e-01   1.5742279e+00
   5.3125000e-01   7.1875000e-01   1.6047373e+00
   5.6250000e-01   7.1875000e-01   1.6358379e+00
   5.9375000e-01   7.1875000e-01   1.6675413e+00
   6.2500000e-01   7.1875000e-01   1.6998591e+00
   6.5625000e-01   7.1875000e-01   1.7328033e+00
   6.8750000e-01   7.1875000e-01   1.7663859e+00
   7.1875000e-01   7.1875000e-01   1.8006194e+00
   7.5000000e-01   7.1875000e-01   1.8355163e+00
   7.8125000e-01   7.1875000e-01   1.8710896e+00
   8.1250000e-01   7.1875000e-01   1.9073523e+00
   8.4375000e-01   7.1875000e-01   1.9443178e+00
   8.7500000e-01   7.1875000e-01   1.9819997e+00
   9.0625000e-01   7.1875000e-01   2.0204118e+00
   9.3750000e-01   7.1875000e-01   2.0595685e+00
   9.6875000e-01   7.1875000e-01   2.0994840e+00
   1.0000000e+00   7.1875000e-01   2.1401731e+00
   0.0000000e+00   7.5000000e-01   1.0000000e+00
   3.1250000e-02   7.5000000e-01   1.1456606e+00
   6.2500000e-02   7.5000000e-01   1.1984539e+00
   9.3750000e-02   7.5000000e-01   1.2282738e+00
   1.2500000e-01   7.5000000e-01   1.2538254e+00
   1.5625000e-01   7.5000000e-01   1.2784423e+00
   1.8750000e-01   7.5000000e-01   1.3033295e+00
   2.1875000e-01   7.5000000e-01   1.3285995e+00
   2.5000000e-01   7.5000000e-01   1.3543569e+00
   2.8125000e-01   7.5000000e-01   1.3806047e+00
   3.1250000e-01   7.5000000e-01   1.4073623e+00
   3.4375000e-01   7.5000000e-01   1.4346376e+00
   3.7500000e-01   7.5000000e-01   1.4624416e+00
   4.0625000e-01   7.5000000e-01   1.4907845e+00
   4.3750000e-01   7.5000000e-01   1.5196767e+00
   4.6875000e-01   7.5000000e-01   1.5491289e+00
   5.0000000e-01   7.5000000e-01   1.5791518e+00
   5.3125000e-01   7.5000000e-01   1.6097566e+00
   5.6250000e-01   7.5000000e-01   1.6409545e+00
   5.9375000e-01   7.5000000e-01   1.6727570e+00
   6.2500000e-01   7.5000000e-01   1.7051759e+00
   6.5625000e-01   7.5000000e-01   1.7382231e+00
   6.8750000e-01   7.5000000e-01   1.7719108e+00
   7.1875000e-01   7.5000000e-01   1.8062514e+00
   7.5000000e-01   7.5000000e-01   1.8412575e+00
   7.8125000e-01   7.5000000e-01   1.8769420e+00
   8.1250000e-01   7.5000000e-01   1.9133181e+00
   8.4375000e-01   7.5000000e-01   1.9503992e+00
   8.7500000e-01   7.5000000e-01   1.9881990e+00
   9.0625000e-01   7.5000000e-01   2.0267313e+00
   9.3750000e-01   7.5000000e-01   2.0660104e+00
   9.6875000e-01   7.5000000e-01   2.1060508e+00
   1.0000000e+00   7.5000000e-01   2.1468671e+00
   0.0000000e+00   7.8125000e-01   1.0000000e+00
   3.1250000e-02   7.8125000e-01   1.1428787e+00
   6.2500000e-02   7.8125000e-01   1.1948735e+00
   9.3750000e-02   7.8125000e-01   1.2244916e+00
   1.2500000e-01   7.8125000e-01   1.2499223e+00
   1.5625000e-01   7.8125000e-01   1.2744595e+00
   1.8750000e-01   7.8125000e-01   1.2992657e+00
   2.1875000e-01   7.8125000e-01   1.3244571e+00
   2.5000000e-01   7.8125000e-01   1.3501339e+00
   2.8125000e-01   7.8125000e-01   1.3762999e+00
   3.1250000e-01   7.8125000e-01   1.4029740e+00
   3.4375000e-01   7.8125000e-01   1.4301643e+00
   3.7500000e-01   7.8125000e-01   1.4578817e+00
   4.0625000e-01   7.8125000e-01   1.4861362e+00
   4.3750000e-01   7.8125000e-01   1.5149383e+00
   4.6875000e-01   7.8125000e-01   1.5442986e+00
   5.0000000e-01   7.8125000e-01   1.5742279e+00
   5.3125000e-01   7.8125000e-01   1.6047373e+00
   5.6250000e-01   7.8125000e-01   1.6358379e+00
   5.9375000e-01   7.8125000e-01   1.6675413e+00
   6.2500000e-01   7.8125000e-01   1.6998591e+00
   6.5625000e-01   7.8125000e-01   1.7328033e+00
   6.8750000e-01   7.8125000e-01   1.7663859e+00
   7.1875000e-01   7.8125000e-01   1.8006194e+00
   7.5000000e-01   7.8125000e-01   1.8355163e+00
   7.8125000e-01   7.8125000e-01   1.8710896e+00
   8.1250000e-01   7.8125000e-01   1.9073523e+00
   8.4375000e-01   7.8125000e-01   1.9443178e+00
   8.7500000e-01   7.8125000e-01   1.9819997e+00
   9.0625000e-01   7.8125000e-01   2.0204118e+00
   9.3750000e-01   7.8125000e-01   2.0595685e+00
   9.6875000e-01   7.8125000e-01   2.0994840e+00
   1.0000000e+00   7.8125000e-01   2.1401731e+00
   0.0000000e+00   8.1250000e-01   1.0000000e+00
   3.1250000e-02   8.1250000e-01   1.1346596e+00
   6.2500000e-02   8.1250000e-01   1.1843063e+00
   9.3750000e-02   8.1250000e-01   1.2133265e+00
   1.2500000e-01   8.1250000e-01   1.2384017e+00
   1.5625000e-01   8.1250000e-01   1.2627028e+00
   1.8750000e-01   8.1250000e-01   1.2872703e+00
   2.1875000e-01   8.1250000e-01   1.3122298e+00
   2.5000000e-01   8.1250000e-01   1.3376686e+00
   2.8125000e-01   8.1250000e-01   1.3635932e+00
   3.1250000e-01   8.1250000e-01   1.3900210e+00
   3.4375000e-01   8.1250000e-01   1.4169602e+00
   3.7500000e-01   8.1250000e-01   1.4444217e+00
   4.0625000e-01   8.1250000e-01   1.4724153e+00
   4.3750000e-01   8.1250000e-01   1.5009515e+00
   4.6875000e-01   8.1250000e-01   1.5300407e+00
   5.0000000e-01   8.1250000e-01   1.5596937e+00
   5.3125000e-01   8.1250000e-01   1.5899214e+00
   5.6250000e-01   8.1250000e-01   1.6207349e+00
   5.9375000e-01   8.1250000e-01   1.6521456e+00
   6.2500000e-01   8.1250000e-01   1.6841650e+00
   6.5625000e-01   8.1250000e-01   1.7168050e+00
   6.8750000e-01   8.1250000e-01   1.7500776e+00
   7.1875000e-01   8.1250000e-01   1.7839950e+00
   7.5000000e-01   8.1250000e-01   1.8185698e+00
   7.8125000e-01   8.1250000e-01   1.8538146e+00
   8.1250000e-01   8.1250000e-01   1.8897425e+00
   8.4375000e-01   8.1250000e-01   1.9263667e+00
   8.7500000e-01   8.1250000e-01   1.9637007e+00
   9.0625000e-01   8.1250000e-01   2.0017583e+00
   9.3750000e-01   8.1250000e-01   2.0405534e+00
   9.6875000e-01   8.1250000e-01   2.0801004e+00
   1.0000000e+00   8.1250000e-01   2.1204138e+00
   0.0000000e+00   8.4375000e-01   1.0000000e+00
   3.1250000e-02   8.4375000e-01   1.1213751e+00
   6.2500000e-02   8.4375000e-01   1.1672618e+00
   9.3750000e-02   8.4375000e-01   1.1953100e+00
   1.2500000e-01   8.4375000e-01   1.2198156e+00
   1.5625000e-01   8.4375000e-01   1.2437345e+00
   1.8750000e-01   8.4375000e-01   1.2679174e+00
   2.1875000e-01   8.4375000e-01   1.2925027e+00
   2.5000000e-01   8.4375000e-01   1.3175574e+00
   2.8125000e-01   8.4375000e-01   1.3430925e+00
   3.1250000e-01   8.4375000e-01   1.3691229e+00
   3.4375000e-01   8.4375000e-01   1.3956571e+00
   3.7500000e-01   8.4375000e-01   1.4227058e+00
   4.0625000e-01   8.4375000e-01   1.4502785e+00
   4.3750000e-01   8.4375000e-01   1.4783857e+00
   4.6875000e-01   8.4375000e-01   1.5070376e+00
   5.0000000e-01   8.4375000e-01   1.5362447e+00
   5.3125000e-01   8.4375000e-01   1.5660180e+00
   5.6250000e-01   8.4375000e-01   1.5963682e+00
   5.9375000e-01   8.4375000e-01   1.6273067e+00
   6.2500000e-01   8.4375000e-01   1.6588447e+00
   6.5625000e-01   8.4375000e-01   1.6909940e+00
   6.8750000e-01   8.4375000e-01   1.7237663e+00
   7.1875000e-01   8.4375000e-01   1.7571738e+00
   7.5000000e-01   8.4375000e-01   1.7912288e+00
   7.8125000e-01   8.4375000e-01   1.8259437e+00
   8.1250000e-01   8.4375000e-01   1.8613315e+00
   8.4375000e-01   8.4375000e-01   1.8974050e+00
   8.7500000e-01   8.4375000e-01   1.9341777e+00
   9.0625000e-01   8.4375000e-01   1.9716631e+00
   9.3750000e-01   8.4375000e-01   2.0098750e+00
   9.6875000e-01   8.4375000e-01   2.0488274e+00
   1.0000000e+00   8.4375000e-01   2.0885347e+00
   0.0000000e+00   8.7500000e-01   1.0000000e+00
   3.1250000e-02   8.7500000e-01   1.1036190e+00
   6.2500000e-02   8.7500000e-01   1.1445485e+00
   9.3750000e-02   8.7500000e-01   1.1712866e+00
   1.2500000e-01   8.7500000e-01   1.1950406e+00
   1.5625000e-01   8.7500000e-01   1.2184475e+00
   1.8750000e-01   8.7500000e-01   1.2421187e+00
   2.1875000e-01   8.7500000e-01   1.2662047e+00
   2.5000000e-01   8.7500000e-01   1.2907477e+00
   2.8125000e-01   8.7500000e-01   1.3157636e+00
   3.1250000e-01   8.7500000e-01   1.3412641e+00
   3.4375000e-01   8.7500000e-01   1.3672585e+00
   3.7500000e-01   8.7500000e-01   1.3937567e+00
   4.0625000e-01   8.7500000e-01   1.4207684e+00
   4.3750000e-01   8.7500000e-01   1.4483037e+00
   4.6875000e-01   8.7500000e-01   1.4763725e+00
   5.0000000e-01   8.7500000e-01   1.5049854e+00
   5.3125000e-01   8.7500000e-01   1.5341528e+00
   5.6250000e-01   8.7500000e-01   1.5638855e+00
   5.9375000e-01   8.7500000e-01   1.5941944e+00
   6.2500000e-01   8.7500000e-01   1.6250907e+00
   6.5625000e-01   8.7500000e-01   1.6565858e+00
   6.8750000e-01   8.7500000e-01   1.6886913e+00
   7.1875000e-01   8.7500000e-01   1.7214191e+00
   7.5000000e-01   8.7500000e-01   1.7547811e+00
   7.8125000e-01   8.7500000e-01   1.7887896e+00
   8.1250000e-01   8.7500000e-01   1.8234573e+00
   8.4375000e-01   8.7500000e-01   1.8587969e+00
   8.7500000e-01   8.7500000e-01   1.8948213e+00
   9.0625000e-01   8.7500000e-01   1.9315439e+00
   9.3750000e-01   8.7500000e-01   1.9689783e+00
   9.6875000e-01   8.7500000e-01   2.0071381e+00
   1.0000000e+00   8.7500000e-01   2.0460375e+00
   0.0000000e+00   9.0625000e-01   1.0000000e+00
   3.1250000e-02   9.0625000e-01   1.0821706e+00
   6.2500000e-02   9.0625000e-01   1.1172185e+00
   9.3750000e-02   9.0625000e-01   1.1423571e+00
   1.2500000e-01   9.0625000e-01   1.1652182e+00
   1.5625000e-01   9.0625000e-01   1.1880047e+00
   1.8750000e-01   9.0625000e-01   1.2110617e+00
   2.1875000e-01   9.0625000e-01   1.2345460e+00
   2.5000000e-01   9.0625000e-01   1.2584731e+00
   2.8125000e-01   9.0625000e-01   1.2828639e+00
   3.1250000e-01   9.0625000e-01   1.3077265e+00
   3.4375000e-01   9.0625000e-01   1.3330710e+00
   3.7500000e-01   9.0625000e-01   1.3589066e+00
   4.0625000e-01   9.0625000e-01   1.3852429e+00
   4.3750000e-01   9.0625000e-01   1.4120897e+00
   4.6875000e-01   9.0625000e-01   1.4394567e+00
   5.0000000e-01   9.0625000e-01   1.4673541e+00
   5.3125000e-01   9.0625000e-01   1.4957922e+00
   5.6250000e-01   9.0625000e-01   1.5247814e+00
   5.9375000e-01   9.0625000e-01   1.5543325e+00
   6.2500000e-01   9.0625000e-01   1.5844563e+00
   6.5625000e-01   9.0625000e-01   1.6151639e+00
   6.8750000e-01   9.0625000e-01   1.6464666e+00
   7.1875000e-01   9.0625000e-01   1.6783760e+00
   7.5000000e-01   9.0625000e-01   1.7109038e+00
   7.8125000e-01   9.0625000e-01   1.7440620e+00
   8.1250000e-01   9.0625000e-01   1.7778628e+00
   8.4375000e-01   9.0625000e-01   1.8123187e+00
   8.7500000e-01   9.0625000e-01   1.8474424e+00
   9.0625000e-01   9.0625000e-01   1.8832468e+00
   9.3750000e-01   9.0625000e-01   1.9197451e+00
   9.6875000e-01   9.0625000e-01   1.9569508e+00
   1.0000000e+00   9.0625000e-01   1.9948775e+00
   0.0000000e+00   9.3750000e-01   1.0000000e+00
   3.1250000e-02   9.3750000e-01   1.0579502e+00
   6.2500000e-02   9.3750000e-01   1.0864981e+00
   9.3750000e-02   9.3750000e-01   1.1098076e+00
   1.2500000e-01   9.3750000e-01   1.1316808e+00
   1.5625000e-01   9.3750000e-01   1.1537638e+00
   1.8750000e-01   9.3750000e-01   1.1761324e+00
   2.1875000e-01   9.3750000e-01   1.1989392e+00
   2.5000000e-01   9.3750000e-01   1.2221739e+00
   2.8125000e-01   9.3750000e-01   1.2458616e+00
   3.1250000e-01   9.3750000e-01   1.2700068e+00
   3.4375000e-01   9.3750000e-01   1.2946203e+00
   3.7500000e-01   9.3750000e-01   1.3197107e+00
   4.0625000e-01   9.3750000e-01   1.3452874e+00
   4.3750000e-01   9.3750000e-01   1.3713598e+00
   4.6875000e-01   9.3750000e-01   1.3979374e+00
   5.0000000e-01   9.3750000e-01   1.4250302e+00
   5.3125000e-01   9.3750000e-01   1.4526480e+00
   5.6250000e-01   9.3750000e-01   1.4808011e+00
   5.9375000e-01   9.3750000e-01   1.5094998e+00
   6.2500000e-01   9.3750000e-01   1.5387547e+00
   6.5625000e-01   9.3750000e-01   1.5685766e+00
   6.8750000e-01   9.3750000e-01   1.5989764e+00
   7.1875000e-01   9.3750000e-01   1.6299654e+00
   7.5000000e-01   9.3750000e-01   1.6615550e+00
   7.8125000e-01   9.3750000e-01   1.6937568e+00
   8.1250000e-01   9.3750000e-01   1.7265827e+00
   8.4375000e-01   9.3750000e-01   1.7600447e+00
   8.7500000e-01   9.3750000e-01   1.7941553e+00
   9.0625000e-01   9.3750000e-01   1.8289270e+00
   9.3750000e-01   9.3750000e-01   1.8643726e+00
   9.6875000e-01   9.3750000e-01   1.9005051e+00
   1.0000000e+00   9.3750000e-01   1.9373379e+00
   0.0000000e+00   9.6875000e-01   1.0000000e+00
   3.1250000e-02   9.6875000e-01   1.0319681e+00
   6.2500000e-02   9.6875000e-01   1.0537138e+00
   9.3750000e-02   9.6875000e-01   1.0750333e+00
   1.2500000e-01   9.6875000e-01   1.0958716e+00
   1.5625000e-01   9.6875000e-01   1.1171963e+00
   1.8750000e-01   9.6875000e-01   1.1388328e+00
   2.1875000e-01   9.6875000e-01   1.1609150e+00
   2.5000000e-01   9.6875000e-01   1.1834107e+00
   2.8125000e-01   9.6875000e-01   1.2063474e+00
   3.1250000e-01   9.6875000e-01   1.2297265e+00
   3.4375000e-01   9.6875000e-01   1.2535595e+00
   3.7500000e-01   9.6875000e-01   1.2778541e+00
   4.0625000e-01   9.6875000e-01   1.3026195e+00
   4.3750000e-01   9.6875000e-01   1.3278650e+00
   4.6875000e-01   9.6875000e-01   1.3535997e+00
   5.0000000e-01   9.6875000e-01   1.3798332e+00
   5.3125000e-01   9.6875000e-01   1.4065751e+00
   5.6250000e-01   9.6875000e-01   1.4338352e+00
   5.9375000e-01   9.6875000e-01   1.4616237e+00
   6.2500000e-01   9.6875000e-01   1.4899507e+00
   6.5625000e-01   9.6875000e-01   1.5188268e+00
   6.8750000e-01   9.6875000e-01   1.5482624e+00
   7.1875000e-01   9.6875000e-01   1.5782685e+00
   7.5000000e-01   9.6875000e-01   1.6088562e+00
   7.8125000e-01   9.6875000e-01   1.6400367e+00
   8.1250000e-01   9.6875000e-01   1.6718215e+00
   8.4375000e-01   9.6875000e-01   1.7042222e+00
   8.7500000e-01   9.6875000e-01   1.7372509e+00
   9.0625000e-01   9.6875000e-01   1.7709198e+00
   9.3750000e-01   9.6875000e-01   1.8052411e+00
   9.6875000e-01   9.6875000e-01   1.8402276e+00
   1.0000000e+00   9.6875000e-01   1.8758922e+00
   0.0000000e+00   1.0000000e+00   1.0000000e+00
   3.1250000e-02   1.0000000e+00   1.0052741e+00
   6.2500000e-02   1.0000000e+00   1.0202189e+00
   9.3750000e-02   1.0000000e+00   1.0394630e+00
   1.2500000e-01   1.0000000e+00   1.0592655e+00
   1.5625000e-01   1.0000000e+00   1.0798070e+00
   1.8750000e-01   1.0000000e+00   1.1006986e+00
   2.1875000e-01   1.0000000e+00   1.1220385e+00
   2.5000000e-01   1.0000000e+00   1.1437793e+00
   2.8125000e-01   1.0000000e+00   1.1659480e+00
   3.1250000e-01   1.0000000e+00   1.1885439e+00
   3.4375000e-01   1.0000000e+00   1.2115788e+00
   3.7500000e-01   1.0000000e+00   1.2350597e+00
   4.0625000e-01   1.0000000e+00   1.2589959e+00
   4.3750000e-01   1.0000000e+00   1.2833958e+00
   4.6875000e-01   1.0000000e+00   1.3082687e+00
   5.0000000e-01   1.0000000e+00   1.3336236e+00
   5.3125000e-01   1.0000000e+00   1.3594700e+00
   5.6250000e-01   1.0000000e+00   1.3858172e+00
   5.9375000e-01   1.0000000e+00   1.4126751e+00
   6.2500000e-01   1.0000000e+00   1.4400534e+00
   6.5625000e-01   1.0000000e+00   1.4679624e+00
   6.8750000e-01   1.0000000e+00   1.4964123e+00
   7.1875000e-01   1.0000000e+00   1.5254136e+00
   7.5000000e-01   1.0000000e+00   1.5549769e+00
   7.8125000e-01   1.0000000e+00   1.5851131e+00
   8.1250000e-01   1.0000000e+00   1.6158335e+00
   8.4375000e-01   1.0000000e+00   1.6471492e+00
   8.7500000e-01   1.0000000e+00   1.6790718e+00
   9.0625000e-01   1.0000000e+00   1.7116130e+00
   9.3750000e-01   1.0000000e+00   1.7447850e+00
   9.6875000e-01   1.0000000e+00   1.7785998e+00
   1.0000000e+00   1.0000000e+00   1.8130700e+00
