0.000000 0.000000 1.020069
0.031250 0.000000 1.010192
0.062500 0.000000 1.015656
0.093750 0.000000 1.031091
0.125000 0.000000 1.051955
0.156250 0.000000 1.075126
0.187500 0.000000 1.098823
0.218750 0.000000 1.122227
0.250000 0.000000 1.145125
0.281250 0.000000 1.167617
0.312500 0.000000 1.189935
0.343750 0.000000 1.212340
0.375000 0.000000 1.235084
0.406250 0.000000 1.258358
0.437500 0.000000 1.282320
0.468750 0.000000 1.307064
0.500000 0.000000 1.332647
0.531250 0.000000 1.359085
0.562500 0.000000 1.386361
0.593750 0.000000 1.414422
0.625000 0.000000 1.443189
0.656250 0.000000 1.472557
0.687500 0.000000 1.502403
0.718750 0.000000 1.532577
0.750000 0.000000 1.562922
0.781250 0.000000 1.593269
0.812500 0.000000 1.623450
0.843750 0.000000 1.653294
0.875000 0.000000 1.682646
0.906250 0.000000 1.711360
0.937500 0.000000 1.739311
0.968750 0.000000 1.766392
1.000000 0.000000 1.792522
0.000000 0.031250 1.002682
0.031250 0.031250 0.984854
0.062500 0.031250 0.985568
0.093750 0.031250 0.998435
0.125000 0.031250 1.017915
0.156250 0.031250 1.040169
0.187500 0.031250 1.063022
0.218750 0.031250 1.085494
0.250000 0.031250 1.107337
0.281250 0.031250 1.128664
0.312500 0.031250 1.149744
0.343750 0.031250 1.170874
0.375000 0.031250 1.192312
0.406250 0.031250 1.214269
0.437500 0.031250 1.236897
0.468750 0.031250 1.260299
0.500000 0.031250 1.284528
0.531250 0.031250 1.309612
0.562500 0.031250 1.335544
0.593750 0.031250 1.362291
0.625000 0.031250 1.389804
0.656250 0.031250 1.418011
0.687500 0.031250 1.446824
0.718750 0.031250 1.476140
0.750000 0.031250 1.505836
0.781250 0.031250 1.535777
0.812500 0.031250 1.565826
0.843750 0.031250 1.595826
0.875000 0.031250 1.625633
0.906250 0.031250 1.655098
0.937500 0.031250 1.684078
0.968750 0.031250 1.712451
1.000000 0.031250 1.740099
0.000000 0.062500 0.989978
0.031250 0.062500 0.962319
0.062500 0.062500 0.957187
0.093750 0.062500 0.967088
0.125000 0.062500 0.985204
0.156250 0.062500 1.006759
0.187500 0.062500 1.029039
0.218750 0.062500 1.050859
0.250000 0.062500 1.071910
0.281250 0.062500 1.092335
0.312500 0.062500 1.112437
0.343750 0.062500 1.132543
0.375000 0.062500 1.152938
0.406250 0.062500 1.173835
0.437500 0.062500 1.195388
0.468750 0.062500 1.217692
0.500000 0.062500 1.240800
0.531250 0.062500 1.264734
0.562500 0.062500 1.289490
0.593750 0.062500 1.315048
0.625000 0.062500 1.341370
0.656250 0.062500 1.368407
0.687500 0.062500 1.396098
0.718750 0.062500 1.424372
0.750000 0.062500 1.453143
0.781250 0.062500 1.482313
0.812500 0.062500 1.511775
0.843750 0.062500 1.541409
0.875000 0.062500 1.571093
0.906250 0.062500 1.600693
0.937500 0.062500 1.630075
0.968750 0.062500 1.659113
1.000000 0.062500 1.687679
0.000000 0.093750 0.982419
0.031250 0.093750 0.943130
0.062500 0.093750 0.931103
0.093750 0.093750 0.937679
0.125000 0.093750 0.954499
0.156250 0.093750 0.975594
0.187500 0.093750 0.997596
0.218750 0.093750 1.019040
0.250000 0.093750 1.039569
0.281250 0.093750 1.059348
0.312500 0.093750 1.078726
0.343750 0.093750 1.098067
0.375000 0.093750 1.117675
0.406250 0.093750 1.137773
0.437500 0.093750 1.158507
0.468750 0.093750 1.179971
0.500000 0.093750 1.202203
0.531250 0.093750 1.225225
0.562500 0.093750 1.249025
0.593750 0.093750 1.273586
0.625000 0.093750 1.298880
0.656250 0.093750 1.324865
0.687500 0.093750 1.351501
0.718750 0.093750 1.378735
0.750000 0.093750 1.406506
0.781250 0.093750 1.434749
0.812500 0.093750 1.463389
0.843750 0.093750 1.492338
0.875000 0.093750 1.521497
0.906250 0.093750 1.550767
0.937500 0.093750 1.580035
0.968750 0.093750 1.609182
1.000000 0.093750 1.638096
0.000000 0.125000 0.979903
0.031250 0.125000 0.927742
0.062500 0.125000 0.908103
0.093750 0.125000 0.911182
0.125000 0.125000 0.926838
0.156250 0.125000 0.947704
0.187500 0.125000 0.969663
0.218750 0.125000 0.990960
0.250000 0.125000 1.011185
0.281250 0.125000 1.030542
0.312500 0.125000 1.049426
0.343750 0.125000 1.068236
0.375000 0.125000 1.087291
0.406250 0.125000 1.106824
0.437500 0.125000 1.126977
0.468750 0.125000 1.147834
0.500000 0.125000 1.169431
0.531250 0.125000 1.191769
0.562500 0.125000 1.214842
0.593750 0.125000 1.238625
0.625000 0.125000 1.263094
0.656250 0.125000 1.288213
0.687500 0.125000 1.313949
0.718750 0.125000 1.340262
0.750000 0.125000 1.367110
0.781250 0.125000 1.394448
0.812500 0.125000 1.422218
0.843750 0.125000 1.450365
0.875000 0.125000 1.478814
0.906250 0.125000 1.507493
0.937500 0.125000 1.536313
0.968750 0.125000 1.565180
1.000000 0.125000 1.593997
0.000000 0.156250 0.981478
0.031250 0.156250 0.916297
0.062500 0.156250 0.889025
0.093750 0.156250 0.888766
0.125000 0.156250 0.903470
0.156250 0.156250 0.924291
0.187500 0.156250 0.946344
0.218750 0.156250 0.967626
0.250000 0.156250 0.987698
0.281250 0.156250 1.006803
0.312500 0.156250 1.025377
0.343750 0.156250 1.043853
0.375000 0.156250 1.062558
0.406250 0.156250 1.081726
0.437500 0.156250 1.101498
0.468750 0.156250 1.121947
0.500000 0.156250 1.143103
0.531250 0.156250 1.164965
0.562500 0.156250 1.187515
0.593750 0.156250 1.210728
0.625000 0.156250 1.234580
0.656250 0.156250 1.259039
0.687500 0.156250 1.284071
0.718750 0.156250 1.309647
0.750000 0.156250 1.335734
0.781250 0.156250 1.362296
0.812500 0.156250 1.389292
0.843750 0.156250 1.416680
0.875000 0.156250 1.444412
0.906250 0.156250 1.472427
0.937500 0.156250 1.500667
0.968750 0.156250 1.529057
1.000000 0.156250 1.557520
0.000000 0.187500 0.985425
0.031250 0.187500 0.908510
0.062500 0.187500 0.874556
0.093750 0.187500 0.871571
0.125000 0.187500 0.885635
0.156250 0.187500 0.906516
0.187500 0.187500 0.928696
0.218750 0.187500 0.949995
0.250000 0.187500 0.969984
0.281250 0.187500 0.988948
0.312500 0.187500 1.007363
0.343750 0.187500 1.025668
0.375000 0.187500 1.044191
0.406250 0.187500 1.063162
0.437500 0.187500 1.082713
0.468750 0.187500 1.102915
0.500000 0.187500 1.123789
0.531250 0.187500 1.145333
0.562500 0.187500 1.167529
0.593750 0.187500 1.190351
0.625000 0.187500 1.213773
0.656250 0.187500 1.237763
0.687500 0.187500 1.262294
0.718750 0.187500 1.287335
0.750000 0.187500 1.312856
0.781250 0.187500 1.338830
0.812500 0.187500 1.365222
0.843750 0.187500 1.391996
0.875000 0.187500 1.419121
0.906250 0.187500 1.446552
0.937500 0.187500 1.474239
0.968750 0.187500 1.502130
1.000000 0.187500 1.530158
0.000000 0.218750 0.989765
0.031250 0.218750 0.903853
0.062500 0.218750 0.865160
0.093750 0.218750 0.860519
0.125000 0.218750 0.874340
0.156250 0.218750 0.895332
0.187500 0.218750 0.917577
0.218750 0.218750 0.938844
0.250000 0.218750 0.958763
0.281250 0.218750 0.977668
0.312500 0.218750 0.996037
0.343750 0.218750 1.014307
0.375000 0.218750 1.032792
0.406250 0.218750 1.051706
0.437500 0.218750 1.071172
0.468750 0.218750 1.091253
0.500000 0.218750 1.111972
0.531250 0.218750 1.133329
0.562500 0.218750 1.155306
0.593750 0.218750 1.177882
0.625000 0.218750 1.201030
0.656250 0.218750 1.224725
0.687500 0.218750 1.248936
0.718750 0.218750 1.273635
0.750000 0.218750 1.298792
0.781250 0.218750 1.324381
0.812500 0.218750 1.350371
0.843750 0.218750 1.376733
0.875000 0.218750 1.403435
0.906250 0.218750 1.430442
0.937500 0.218750 1.457712
0.968750 0.218750 1.485201
1.000000 0.218750 1.512862
0.000000 0.250000 0.992876
0.031250 0.250000 0.901870
0.062500 0.250000 0.861161
0.093750 0.250000 0.856221
0.125000 0.250000 0.870225
0.156250 0.250000 0.891322
0.187500 0.250000 0.913524
0.218750 0.250000 0.934692
0.250000 0.250000 0.954545
0.281250 0.250000 0.973444
0.312500 0.250000 0.991873
0.343750 0.250000 1.010231
0.375000 0.250000 1.028806
0.406250 0.250000 1.047787
0.437500 0.250000 1.067287
0.468750 0.250000 1.087365
0.500000 0.250000 1.108044
0.531250 0.250000 1.129328
0.562500 0.250000 1.151208
0.593750 0.250000 1.173668
0.625000 0.250000 1.196685
0.656250 0.250000 1.220235
0.687500 0.250000 1.244291
0.718750 0.250000 1.268828
0.750000 0.250000 1.293815
0.781250 0.250000 1.319223
0.812500 0.250000 1.345023
0.843750 0.250000 1.371184
0.875000 0.250000 1.397674
0.906250 0.250000 1.424463
0.937500 0.250000 1.451514
0.968750 0.250000 1.478784
1.000000 0.250000 1.506230
0.000000 0.281250 0.993898
0.031250 0.281250 0.902448
0.062500 0.281250 0.862811
0.093750 0.281250 0.858992
0.125000 0.281250 0.873541
0.156250 0.281250 0.894690
0.187500 0.281250 0.916730
0.218750 0.281250 0.937745
0.250000 0.281250 0.957551
0.281250 0.281250 0.976524
0.312500 0.281250 0.995115
0.343750 0.281250 1.013678
0.375000 0.281250 1.032467
0.406250 0.281250 1.051640
0.437500 0.281250 1.071297
0.468750 0.281250 1.091492
0.500000 0.281250 1.112252
0.531250 0.281250 1.133586
0.562500 0.281250 1.155500
0.593750 0.281250 1.177975
0.625000 0.281250 1.201004
0.656250 0.281250 1.224563
0.687500 0.281250 1.248632
0.718750 0.281250 1.273182
0.750000 0.281250 1.298186
0.781250 0.281250 1.323613
0.812500 0.281250 1.349432
0.843750 0.281250 1.375610
0.875000 0.281250 1.402114
0.906250 0.281250 1.428912
0.937500 0.281250 1.455966
0.968750 0.281250 1.483233
1.000000 0.281250 1.510664
0.000000 0.312500 0.992856
0.031250 0.312500 0.905904
0.062500 0.312500 0.870359
0.093750 0.312500 0.868869
0.125000 0.312500 0.884179
0.156250 0.312500 0.905284
0.187500 0.312500 0.927068
0.218750 0.312500 0.947915
0.250000 0.312500 0.967728
0.281250 0.312500 0.986873
0.312500 0.312500 1.005744
0.343750 0.312500 1.024638
0.375000 0.312500 1.043770
0.406250 0.312500 1.063264
0.437500 0.312500 1.083210
0.468750 0.312500 1.103657
0.500000 0.312500 1.124638
0.531250 0.312500 1.146170
0.562500 0.312500 1.168261
0.593750 0.312500 1.190911
0.625000 0.312500 1.214112
0.656250 0.312500 1.237851
0.687500 0.312500 1.262106
0.718750 0.312500 1.286856
0.750000 0.312500 1.312069
0.781250 0.312500 1.337719
0.812500 0.312500 1.363768
0.843750 0.312500 1.390187
0.875000 0.312500 1.416935
0.906250 0.312500 1.443975
0.937500 0.312500 1.471269
0.968750 0.312500 1.498762
1.000000 0.312500 1.526403
0.000000 0.343750 0.990492
0.031250 0.343750 0.912845
0.062500 0.343750 0.883959
0.093750 0.343750 0.885638
0.125000 0.343750 0.901758
0.156250 0.343750 0.922679
0.187500 0.343750 0.944127
0.218750 0.343750 0.964828
0.250000 0.343750 0.984739
0.281250 0.343750 1.004174
0.312500 0.343750 1.023454
0.343750 0.343750 1.042816
0.375000 0.343750 1.062420
0.406250 0.343750 1.082377
0.437500 0.343750 1.102754
0.468750 0.343750 1.123602
0.500000 0.343750 1.144960
0.531250 0.343750 1.166851
0.562500 0.343750 1.189291
0.593750 0.343750 1.212289
0.625000 0.343750 1.235843
0.656250 0.343750 1.259946
0.687500 0.343750 1.284580
0.718750 0.343750 1.309726
0.750000 0.343750 1.335355
0.781250 0.343750 1.361437
0.812500 0.343750 1.387938
0.843750 0.343750 1.414822
0.875000 0.343750 1.442047
0.906250 0.343750 1.469568
0.937500 0.343750 1.497332
0.968750 0.343750 1.525283
1.000000 0.343750 1.553355
0.000000 0.375000 0.987971
0.031250 0.375000 0.923860
0.062500 0.375000 0.903512
0.093750 0.375000 0.908806
0.125000 0.375000 0.925640
0.156250 0.375000 0.946215
0.187500 0.375000 0.967266
0.218750 0.375000 0.987854
0.250000 0.375000 1.007965
0.281250 0.375000 1.027819
0.312500 0.375000 1.047643
0.343750 0.375000 1.067604
0.375000 0.375000 1.087822
0.406250 0.375000 1.108375
0.437500 0.375000 1.129326
0.468750 0.375000 1.150728
0.500000 0.375000 1.172621
0.531250 0.375000 1.195035
0.562500 0.375000 1.217995
0.593750 0.375000 1.241518
0.625000 0.375000 1.265608
0.656250 0.375000 1.290262
0.687500 0.375000 1.315472
0.718750 0.375000 1.341214
0.750000 0.375000 1.367467
0.781250 0.375000 1.394198
0.812500 0.375000 1.421372
0.843750 0.375000 1.448949
0.875000 0.375000 1.476877
0.906250 0.375000 1.505104
0.937500 0.375000 1.533565
0.968750 0.375000 1.562190
1.000000 0.375000 1.590899
0.000000 0.406250 0.986522
0.031250 0.406250 0.939216
0.062500 0.406250 0.928512
0.093750 0.406250 0.937530
0.125000 0.406250 0.954928
0.156250 0.406250 0.975023
0.187500 0.406250 0.995621
0.218750 0.406250 1.016130
0.250000 0.406250 1.036525
0.281250 0.406250 1.056913
0.312500 0.406250 1.077408
0.343750 0.406250 1.098099
0.375000 0.406250 1.119054
0.406250 0.406250 1.140332
0.437500 0.406250 1.161992
0.468750 0.406250 1.184080
0.500000 0.406250 1.206644
0.531250 0.406250 1.229727
0.562500 0.406250 1.253360
0.593750 0.406250 1.277566
0.625000 0.406250 1.302358
0.656250 0.406250 1.327736
0.687500 0.406250 1.353699
0.718750 0.406250 1.380226
0.750000 0.406250 1.407297
0.781250 0.406250 1.434880
0.812500 0.406250 1.462933
0.843750 0.406250 1.491411
0.875000 0.406250 1.520252
0.906250 0.406250 1.549389
0.937500 0.406250 1.578745
0.968750 0.406250 1.608228
1.000000 0.406250 1.637742
0.000000 0.437500 0.987095
0.031250 0.437500 0.958627
0.062500 0.437500 0.957972
0.093750 0.437500 0.970645
0.125000 0.437500 0.988490
0.156250 0.437500 1.008041
0.187500 0.437500 1.028170
0.218750 0.437500 1.048614
0.250000 0.437500 1.069340
0.281250 0.437500 1.090334
0.312500 0.437500 1.111592
0.343750 0.437500 1.133112
0.375000 0.437500 1.154914
0.406250 0.437500 1.177029
0.437500 0.437500 1.199502
0.468750 0.437500 1.222388
0.500000 0.437500 1.245739
0.531250 0.437500 1.269606
0.562500 0.437500 1.294028
0.593750 0.437500 1.319040
0.625000 0.437500 1.344661
0.656250 0.437500 1.370903
0.687500 0.437500 1.397761
0.718750 0.437500 1.425227
0.750000 0.437500 1.453277
0.781250 0.437500 1.481878
0.812500 0.437500 1.510978
0.843750 0.437500 1.540527
0.875000 0.437500 1.570447
0.906250 0.437500 1.600653
0.937500 0.437500 1.631049
0.968750 0.437500 1.661527
1.000000 0.437500 1.691969
0.000000 0.468750 0.990114
0.031250 0.468750 0.981196
0.062500 0.468750 0.990448
0.093750 0.468750 1.006665
0.125000 0.468750 1.024986
0.156250 0.468750 1.044057
0.187500 0.468750 1.063753
0.218750 0.468750 1.084142
0.250000 0.468750 1.105198
0.281250 0.468750 1.126822
0.312500 0.468750 1.148880
0.343750 0.468750 1.171293
0.375000 0.468750 1.194018
0.406250 0.468750 1.217052
0.437500 0.468750 1.240428
0.468750 0.468750 1.264197
0.500000 0.468750 1.288416
0.531250 0.468750 1.313146
0.562500 0.468750 1.338439
0.593750 0.468750 1.364339
0.625000 0.468750 1.390874
0.656250 0.468750 1.418065
0.687500 0.468750 1.445918
0.718750 0.468750 1.474425
0.750000 0.468750 1.503561
0.781250 0.468750 1.533286
0.812500 0.468750 1.563549
0.843750 0.468750 1.594278
0.875000 0.468750 1.625375
0.906250 0.468750 1.656743
0.937500 0.468750 1.688262
0.968750 0.468750 1.719799
1.000000 0.468750 1.751228
0.000000 0.500000 0.995323
0.031250 0.500000 1.005497
0.062500 0.500000 1.024199
0.093750 0.500000 1.043932
0.125000 0.500000 1.062954
0.156250 0.500000 1.081772
0.187500 0.500000 1.101163
0.218750 0.500000 1.121522
0.250000 0.500000 1.142882
0.281250 0.500000 1.165085
0.312500 0.500000 1.187928
0.343750 0.500000 1.211245
0.375000 0.500000 1.234929
0.406250 0.500000 1.258939
0.437500 0.500000 1.283279
0.468750 0.500000 1.307991
0.500000 0.500000 1.333136
0.531250 0.500000 1.358782
0.562500 0.500000 1.384994
0.593750 0.500000 1.411821
0.625000 0.500000 1.439312
0.656250 0.500000 1.467495
0.687500 0.500000 1.496382
0.718750 0.500000 1.525967
0.750000 0.500000 1.556229
0.781250 0.500000 1.587125
0.812500 0.500000 1.618585
0.843750 0.500000 1.650519
0.875000 0.500000 1.682820
0.906250 0.500000 1.715361
0.937500 0.500000 1.748006
0.968750 0.500000 1.780600
1.000000 0.500000 1.812999
0.000000 0.531250 1.001891
0.031250 0.531250 1.029801
0.062500 0.531250 1.057358
0.093750 0.531250 1.080747
0.125000 0.531250 1.100907
0.156250 0.531250 1.119883
0.187500 0.531250 1.139207
0.218750 0.531250 1.159602
0.250000 0.531250 1.181225
0.281250 0.531250 1.203929
0.312500 0.531250 1.227478
0.343750 0.531250 1.251654
0.375000 0.531250 1.276286
0.406250 0.531250 1.301284
0.437500 0.531250 1.326620
0.468750 0.531250 1.352315
0.500000 0.531250 1.378420
0.531250 0.531250 1.405009
0.562500 0.531250 1.432148
0.593750 0.531250 1.459911
0.625000 0.531250 1.488350
0.656250 0.531250 1.517508
0.687500 0.531250 1.547410
0.718750 0.531250 1.578054
0.750000 0.531250 1.609417
0.781250 0.531250 1.641443
0.812500 0.531250 1.674058
0.843750 0.531250 1.707151
0.875000 0.531250 1.740597
0.906250 0.531250 1.774251
0.937500 0.531250 1.807948
0.968750 0.531250 1.841529
1.000000 0.531250 1.874831
0.000000 0.562500 1.008614
0.031250 0.562500 1.052320
0.062500 0.562500 1.088134
0.093750 0.562500 1.115488
0.125000 0.562500 1.137408
0.156250 0.562500 1.157100
0.187500 0.562500 1.176700
0.218750 0.562500 1.197267
0.250000 0.562500 1.219131
0.281250 0.562500 1.242243
0.312500 0.562500 1.266387
0.343750 0.562500 1.291321
0.375000 0.562500 1.316835
0.406250 0.562500 1.342789
0.437500 0.562500 1.369107
0.468750 0.562500 1.395781
0.500000 0.562500 1.422842
0.531250 0.562500 1.450361
0.562500 0.562500 1.478408
0.593750 0.562500 1.507064
0.625000 0.562500 1.536403
0.656250 0.562500 1.566480
0.687500 0.562500 1.597324
0.718750 0.562500 1.628942
0.750000 0.562500 1.661311
0.781250 0.562500 1.694369
0.812500 0.562500 1.728025
0.843750 0.562500 1.762163
0.875000 0.562500 1.796632
0.906250 0.562500 1.831271
0.937500 0.562500 1.865906
0.968750 0.562500 1.900356
1.000000 0.562500 1.934448
0.000000 0.593750 1.014293
0.031250 0.593750 1.071538
0.062500 0.593750 1.115042
0.093750 0.593750 1.146736
0.125000 0.593750 1.171104
0.156250 0.593750 1.192134
0.187500 0.593750 1.212427
0.218750 0.593750 1.233357
0.250000 0.593750 1.255487
0.281250 0.593750 1.278921
0.312500 0.593750 1.303526
0.343750 0.593750 1.329079
0.375000 0.593750 1.355352
0.406250 0.593750 1.382161
0.437500 0.593750 1.409388
0.468750 0.593750 1.436978
0.500000 0.593750 1.464942
0.531250 0.593750 1.493332
0.562500 0.593750 1.522222
0.593750 0.593750 1.551698
0.625000 0.593750 1.581847
0.656250 0.593750 1.612735
0.687500 0.593750 1.644407
0.718750 0.593750 1.676872
0.750000 0.593750 1.710107
0.781250 0.593750 1.744048
0.812500 0.593750 1.778595
0.843750 0.593750 1.813617
0.875000 0.593750 1.848952
0.906250 0.593750 1.884424
0.937500 0.593750 1.919848
0.968750 0.593750 1.955038
1.000000 0.593750 1.989809
0.000000 0.625000 1.018208
0.031250 0.625000 1.086551
0.062500 0.625000 1.137064
0.093750 0.625000 1.173348
0.125000 0.625000 1.200725
0.156250 0.625000 1.223633
0.187500 0.625000 1.245004
0.218750 0.625000 1.266512
0.250000 0.625000 1.288972
0.281250 0.625000 1.312675
0.312500 0.625000 1.337610
0.343750 0.625000 1.363619
0.375000 0.625000 1.390477
0.406250 0.625000 1.417978
0.437500 0.625000 1.445963
0.468750 0.625000 1.474342
0.500000 0.625000 1.503092
0.531250 0.625000 1.532245
0.562500 0.625000 1.561870
0.593750 0.625000 1.592057
0.625000 0.625000 1.622895
0.656250 0.625000 1.654469
0.687500 0.625000 1.686829
0.718750 0.625000 1.719990
0.750000 0.625000 1.753935
0.781250 0.625000 1.788595
0.812500 0.625000 1.823864
0.843750 0.625000 1.859603
0.875000 0.625000 1.895644
0.906250 0.625000 1.931799
0.937500 0.625000 1.967878
0.968750 0.625000 2.003682
1.000000 0.625000 2.039030
0.000000 0.656250 1.020467
0.031250 0.656250 1.097290
0.062500 0.656250 1.153811
0.093750 0.656250 1.194530
0.125000 0.656250 1.225109
0.156250 0.656250 1.250171
0.187500 0.656250 1.272864
0.218750 0.656250 1.295106
0.250000 0.656250 1.317956
0.281250 0.656250 1.341893
0.312500 0.656250 1.367051
0.343750 0.656250 1.393345
0.375000 0.656250 1.420587
0.406250 0.656250 1.448570
0.437500 0.656250 1.477113
0.468750 0.656250 1.506095
0.500000 0.656250 1.535464
0.531250 0.656250 1.565231
0.562500 0.656250 1.595452
0.593750 0.656250 1.626214
0.625000 0.656250 1.657610
0.656250 0.656250 1.689732
0.687500 0.656250 1.722637
0.718750 0.656250 1.756351
0.750000 0.656250 1.790851
0.781250 0.656250 1.826074
0.812500 0.656250 1.861914
0.843750 0.656250 1.898222
0.875000 0.656250 1.934832
0.906250 0.656250 1.971549
0.937500 0.656250 2.008179
0.968750 0.656250 2.044521
1.000000 0.656250 2.080392
0.000000 0.687500 1.022016
0.031250 0.687500 1.104447
0.062500 0.687500 1.165439
0.093750 0.687500 1.209835
0.125000 0.687500 1.243264
0.156250 0.687500 1.270351
0.187500 0.687500 1.294346
0.218750 0.687500 1.317342
0.250000 0.687500 1.340584
0.281250 0.687500 1.364721
0.312500 0.687500 1.390005
0.343750 0.687500 1.416433
0.375000 0.687500 1.443872
0.406250 0.687500 1.472122
0.437500 0.687500 1.501003
0.468750 0.687500 1.530377
0.500000 0.687500 1.560172
0.531250 0.687500 1.590378
0.562500 0.687500 1.621036
0.593750 0.687500 1.652226
0.625000 0.687500 1.684046
0.656250 0.687500 1.716579
0.687500 0.687500 1.749894
0.718750 0.687500 1.784019
0.750000 0.687500 1.818940
0.781250 0.687500 1.854596
0.812500 0.687500 1.890877
0.843750 0.687500 1.927643
0.875000 0.687500 1.964718
0.906250 0.687500 2.001919
0.937500 0.687500 2.039041
0.968750 0.687500 2.075890
1.000000 0.687500 2.112280
0.000000 0.718750 1.024052
0.031250 0.718750 1.108966
0.062500 0.718750 1.172364
0.093750 0.718750 1.219052
0.125000 0.718750 1.254435
0.156250 0.718750 1.282989
0.187500 0.718750 1.307967
0.218750 0.718750 1.331552
0.250000 0.718750 1.355099
0.281250 0.718750 1.379368
0.312500 0.718750 1.404698
0.343750 0.718750 1.431152
0.375000 0.718750 1.458631
0.406250 0.718750 1.486972
0.437500 0.718750 1.515994
0.468750 0.718750 1.545560
0.500000 0.718750 1.575585
0.531250 0.718750 1.606048
0.562500 0.718750 1.636977
0.593750 0.718750 1.668443
0.625000 0.718750 1.700534
0.656250 0.718750 1.733340
0.687500 0.718750 1.766927
0.718750 0.718750 1.801329
0.750000 0.718750 1.836538
0.781250 0.718750 1.872498
0.812500 0.718750 1.909108
0.843750 0.718750 1.946231
0.875000 0.718750 1.983702
0.906250 0.718750 2.021332
0.937500 0.718750 2.058926
0.968750 0.718750 2.096288
1.000000 0.718750 2.133232
0.000000 0.750000 1.027179
0.031250 0.750000 1.111402
0.062500 0.750000 1.174827
0.093750 0.750000 1.222053
0.125000 0.750000 1.258128
0.156250 0.750000 1.287297
0.187500 0.750000 1.312719
0.218750 0.750000 1.336571
0.250000 0.750000 1.360249
0.281250 0.750000 1.384551
0.312500 0.750000 1.409852
0.343750 0.750000 1.436254
0.375000 0.750000 1.463682
0.406250 0.750000 1.491988
0.437500 0.750000 1.521006
0.468750 0.750000 1.550602
0.500000 0.750000 1.580690
0.531250 0.750000 1.611237
0.562500 0.750000 1.642266
0.593750 0.750000 1.673837
0.625000 0.750000 1.706035
0.656250 0.750000 1.738945
0.687500 0.750000 1.772637
0.718750 0.750000 1.807150
0.750000 0.750000 1.842489
0.781250 0.750000 1.878606
0.812500 0.750000 1.915411
0.843750 0.750000 1.952780
0.875000 0.750000 1.990554
0.906250 0.750000 2.028557
0.937500 0.750000 2.066596
0.968750 0.750000 2.104484
1.000000 0.750000 2.142029
0.000000 0.781250 1.030872
0.031250 0.781250 1.111509
0.062500 0.781250 1.172664
0.093750 0.781250 1.218655
0.125000 0.781250 1.254113
0.156250 0.781250 1.282980
0.187500 0.781250 1.308241
0.218750 0.781250 1.331986
0.250000 0.781250 1.355576
0.281250 0.781250 1.379787
0.312500 0.781250 1.404994
0.343750 0.781250 1.431295
0.375000 0.781250 1.458619
0.406250 0.781250 1.486822
0.437500 0.781250 1.515749
0.468750 0.781250 1.545265
0.500000 0.781250 1.575280
0.531250 0.781250 1.605761
0.562500 0.781250 1.636724
0.593750 0.781250 1.668220
0.625000 0.781250 1.700333
0.656250 0.781250 1.733146
0.687500 0.781250 1.766735
0.718750 0.781250 1.801151
0.750000 0.781250 1.836405
0.781250 0.781250 1.872472
0.812500 0.781250 1.909278
0.843750 0.781250 1.946719
0.875000 0.781250 1.984648
0.906250 0.781250 2.022911
0.937500 0.781250 2.061319
0.968750 0.781250 2.099693
1.000000 0.781250 2.137847
0.000000 0.812500 1.033618
0.031250 0.812500 1.108380
0.062500 0.812500 1.165413
0.093750 0.812500 1.208706
0.125000 0.812500 1.242457
0.156250 0.812500 1.270250
0.187500 0.812500 1.294831
0.218750 0.812500 1.318140
0.250000 0.812500 1.341434
0.281250 0.812500 1.365439
0.312500 0.812500 1.390487
0.343750 0.812500 1.416645
0.375000 0.812500 1.443834
0.406250 0.812500 1.471903
0.437500 0.812500 1.500691
0.468750 0.812500 1.530056
0.500000 0.812500 1.559906
0.531250 0.812500 1.590202
0.562500 0.812500 1.620951
0.593750 0.812500 1.652204
0.625000 0.812500 1.684034
0.656250 0.812500 1.716533
0.687500 0.812500 1.749778
0.718750 0.812500 1.783837
0.750000 0.812500 1.818738
0.781250 0.812500 1.854483
0.812500 0.812500 1.891020
0.843750 0.812500 1.928274
0.875000 0.812500 1.966120
0.906250 0.812500 2.004424
0.937500 0.812500 2.043025
0.968750 0.812500 2.081749
1.000000 0.812500 2.120419
0.000000 0.843750 1.033566
0.031250 0.843750 1.100960
0.062500 0.843750 1.152649
0.093750 0.843750 1.192287
0.125000 0.843750 1.223614
0.156250 0.843750 1.249830
0.187500 0.843750 1.273388
0.218750 0.843750 1.296032
0.250000 0.843750 1.318882
0.281250 0.843750 1.342570
0.312500 0.843750 1.367376
0.343750 0.843750 1.393337
0.375000 0.843750 1.420348
0.406250 0.843750 1.448247
0.437500 0.843750 1.476856
0.468750 0.843750 1.506024
0.500000 0.843750 1.535651
0.531250 0.843750 1.565680
0.562500 0.843750 1.596107
0.593750 0.843750 1.626976
0.625000 0.843750 1.658356
0.656250 0.843750 1.690334
0.687500 0.843750 1.723001
0.718750 0.843750 1.756437
0.750000 0.843750 1.790696
0.781250 0.843750 1.825803
0.812500 0.843750 1.861744
0.843750 0.843750 1.898471
0.875000 0.843750 1.935905
0.906250 0.843750 1.973934
0.937500 0.843750 2.012425
0.968750 0.843750 2.051230
1.000000 0.843750 2.090186
0.000000 0.875000 1.029243
0.031250 0.875000 1.088579
0.062500 0.875000 1.134372
0.093750 0.875000 1.169923
0.125000 0.875000 1.198516
0.156250 0.875000 1.222940
0.187500 0.875000 1.245332
0.218750 0.875000 1.267201
0.250000 0.875000 1.289506
0.281250 0.875000 1.312783
0.312500 0.875000 1.337248
0.343750 0.875000 1.362906
0.375000 0.875000 1.389646
0.406250 0.875000 1.417286
0.437500 0.875000 1.445644
0.468750 0.875000 1.474557
0.500000 0.875000 1.503899
0.531250 0.875000 1.533598
0.562500 0.875000 1.563629
0.593750 0.875000 1.594017
0.625000 0.875000 1.624824
0.656250 0.875000 1.656133
0.687500 0.875000 1.688034
0.718750 0.875000 1.720621
0.750000 0.875000 1.753973
0.781250 0.875000 1.788141
0.812500 0.875000 1.823148
0.843750 0.875000 1.858990
0.875000 0.875000 1.895622
0.906250 0.875000 1.932979
0.937500 0.875000 1.970963
0.968750 0.875000 2.009458
1.000000 0.875000 2.048330
0.000000 0.906250 1.020009
0.031250 0.906250 1.071302
0.062500 0.906250 1.111228
0.093750 0.906250 1.142724
0.125000 0.906250 1.168619
0.156250 0.906250 1.191287
0.187500 0.906250 1.212529
0.218750 0.906250 1.233605
0.250000 0.906250 1.255311
0.281250 0.906250 1.278078
0.312500 0.906250 1.302072
0.343750 0.906250 1.327277
0.375000 0.906250 1.353577
0.406250 0.906250 1.380798
0.437500 0.906250 1.408758
0.468750 0.906250 1.437281
0.500000 0.906250 1.466232
0.531250 0.906250 1.495512
0.562500 0.906250 1.525072
0.593750 0.906250 1.554911
0.625000 0.906250 1.585066
0.656250 0.906250 1.615606
0.687500 0.906250 1.646621
0.718750 0.906250 1.678208
0.750000 0.906250 1.710460
0.781250 0.906250 1.743454
0.812500 0.906250 1.777248
0.843750 0.906250 1.811877
0.875000 0.906250 1.847339
0.906250 0.906250 1.883613
0.937500 0.906250 1.920651
0.968750 0.906250 1.958375
1.000000 0.906250 1.996693
0.000000 0.937500 1.006190
0.031250 0.937500 1.050001
0.062500 0.937500 1.084534
0.093750 0.937500 1.112349
0.125000 0.937500 1.135828
0.156250 0.937500 1.156932
0.187500 0.937500 1.177138
0.218750 0.937500 1.197461
0.250000 0.937500 1.218532
0.281250 0.937500 1.240693
0.312500 0.937500 1.264061
0.343750 0.937500 1.288617
0.375000 0.937500 1.314253
0.406250 0.937500 1.340819
0.437500 0.937500 1.368140
0.468750 0.937500 1.396059
0.500000 0.937500 1.424424
0.531250 0.937500 1.453126
0.562500 0.937500 1.482089
0.593750 0.937500 1.511278
0.625000 0.937500 1.540705
0.656250 0.937500 1.570411
0.687500 0.937500 1.600472
0.718750 0.937500 1.630975
0.750000 0.937500 1.662015
0.781250 0.937500 1.693692
0.812500 0.937500 1.726082
0.843750 0.937500 1.759255
0.875000 0.937500 1.793255
0.906250 0.937500 1.828099
0.937500 0.937500 1.863787
0.968750 0.937500 1.900291
1.000000 0.937500 1.937561
0.000000 0.968750 0.988963
0.031250 0.968750 1.026224
0.062500 0.968750 1.056114
0.093750 0.968750 1.080809
0.125000 0.968750 1.102267
0.156250 0.968750 1.122066
0.187500 0.968750 1.141375
0.218750 0.968750 1.160985
0.250000 0.968750 1.181386
0.281250 0.968750 1.202835
0.312500 0.968750 1.225420
0.343750 0.968750 1.249124
0.375000 0.968750 1.273852
0.406250 0.968750 1.299485
0.437500 0.968750 1.325883
0.468750 0.968750 1.352903
0.500000 0.968750 1.380409
0.531250 0.968750 1.408287
0.562500 0.968750 1.436443
0.593750 0.968750 1.464818
0.625000 0.968750 1.493391
0.656250 0.968750 1.522174
0.687500 0.968750 1.551212
0.718750 0.968750 1.580577
0.750000 0.968750 1.610355
0.781250 0.968750 1.640642
0.812500 0.968750 1.671533
0.843750 0.968750 1.703116
0.875000 0.968750 1.735463
0.906250 0.968750 1.768631
0.937500 0.968750 1.802666
0.968750 0.968750 1.837574
1.000000 0.968750 1.873361
0.000000 1.000000 0.970048
0.031250 1.000000 1.001868
0.062500 1.000000 1.027972
0.093750 1.000000 1.050155
0.125000 1.000000 1.069987
0.156250 1.000000 1.088710
0.187500 1.000000 1.107221
0.218750 1.000000 1.126128
0.250000 1.000000 1.145801
0.281250 1.000000 1.166429
0.312500 1.000000 1.188082
0.343750 1.000000 1.210738
0.375000 1.000000 1.234339
0.406250 1.000000 1.258786
0.437500 1.000000 1.283978
0.468750 1.000000 1.309801
0.500000 1.000000 1.336143
0.531250 1.000000 1.362897
0.562500 1.000000 1.389971
0.593750 1.000000 1.417295
0.625000 1.000000 1.444818
0.656250 1.000000 1.472528
0.687500 1.000000 1.500436
0.718750 1.000000 1.528589
0.750000 1.000000 1.557055
0.781250 1.000000 1.585916
0.812500 1.000000 1.615267
0.843750 1.000000 1.645199
0.875000 1.000000 1.675805
0.906250 1.000000 1.707167
0.937500 1.000000 1.739355
0.968750 1.000000 1.772423
1.000000 1.000000 1.806408
